-933036038
-323615822
82935604
-1213829991
558003057
367847612
-1297879140
-1024968951
528972855
344331353
382032262
-1168952154
503855783
-1366824977
586924678
-1092298361
616740742
-161577760
519914403
-429652913
-51341665
526406084
247925565
686968180
421641362
-1228260416
-680086822
-243522189
-46593635
496852785
-1239534944
430435736
-564181277
253466068
626671153
-743596460
-116104559
-1408626227
-358500002
-324549944
345770535
-713885980
-83436689
112208078
-670645549
-233930251
429975126
-791323047
-1132926250
212471289
189089448
225797493
1459134
-300403227
175347433
-314317744
-118598235
-1242157628
-1295258173
-902610109
664760565
-1124727708
-1209592613
-636838952
538803768
-1320339700
29629996
-314719031
-1318900519
-1066288246
-1376687214
436935424
-370108818
-50058495
-188274737
369311041
-1021406986
-495717851
-1159430245
-744267828
-1020664802
439724611
-1255888575
390859740
-598096855
329524267
-660876243
693370318
497432047
-546069008
-946658031
424774372
-260731308
-746185236
-949482820
-459345779
-656459528
490212584
636000598
-565294638