-1408626227
-1376687214
-1366824977
-1320339700
-1318900519
-1297879140
-1295258173
-1255888575
-1242157628
-1239534944
-1228260416
-1213829991
-1209592613
-1168952154
-1159430245
-1132926250
-1124727708
-1092298361
-1066288246
-1024968951
-1021406986
-1020664802
-949482820
-946658031
-933036038
-902610109
-791323047
-746185236
-744267828
-743596460
-713885980
-680086822
-670645549
-660876243
-656459528
-636838952
-598096855
-565294638
-564181277
-546069008
-495717851
-459345779
-429652913
-370108818
-358500002
-324549944
-323615822
-314719031
-314317744
-300403227
-260731308
-243522189
-233930251
-188274737
-161577760
-118598235
-116104559
-83436689
-51341665
-50058495
-46593635
1459134
29629996
82935604
112208078
175347433
189089448
212471289
225797493
247925565
253466068
329524267
344331353
345770535
367847612
369311041
382032262
390859740
421641362
424774372
429975126
430435736
436935424
439724611
490212584
496852785
497432047
503855783
519914403
526406084
528972855
538803768
558003057
586924678
616740742
626671153
636000598
664760565
686968180
693370318