-1113563427
-137609134
-1385721113
64695138
-257192040
462267014
-799802311
-270524986
-1366737568
-564656943
-1033374815
267195935
-758152641
-550847142
-1369039064
689322058
-904087430
-155458021
-605139247
-53190168
-187778515
-1185319281
-166781004
-335764688
-812600284
-1330507514
5650087
-650545118
-1061824801
-500877622
-438281920
-765322819
-1375904996
-413937625
709437727
-223031627
-689088851
-827782824
-1230974853
-645761011
17625641
-854284260
-1115983315
669538408
4934006
-1074956971
621442226
510911985
179650416
-721115260
-279696423
-745546339
-496369133
-1183895667
328754381
101095991
-1104337772
-403013772
-1286867367
-756097165
506174015
-315083879
-111354576
540334427
681043905
-139335089
-420115440
-745463186
442947495
-241024884
18841212
-276845104
314756264
312923305
-344724936
-417727969
648031742
-460700949
-644234224
90263918
228249199
486134761
-1392700661
-1005538174
712304503
346119128
505623225
-1129451509
-794312884
628821266
-475483266
-1025557109
-423680852
-1324256081
-1222640921
-480055187
-53525762
-232690953
184547035
-347996506
-1211134077
-534029993
-1362259850
513687596
-958524928
-296919377
-641458613
-1047911426
652445082
124372571
452417900
143276041
-126910908
469782647
547803275
-152024645
78483535
316008260
128589254
694236060
207411286
-1084312251
-1068739289
-953687806
-998502924
-881314802
-23677585
358036722
296059654
-576548789
-727378024
494990985
299486626
-679572465
271260341
-1396456541
433573566
-1107616512
-1034302559
348600408
426821467
-1319302898
-245541791
-437507680
560545157
-435156756
-1326950565
-98389547
-856566736
211704098
-141571727
-1386573690
537457255
199754392
-930196087
-1198463909
728504999
456191736
569638221
287146413
-857775293
-895158042
44719158
-1295706906
-164665099
-421438740
-1282098039
-468509773
-118989844
-906335190
-857327605
-429586616
-815572680
307196012
542971112
-992445762
-865378984
626085955
319230099
-311880312
100371813
-559759868
-288388594
-99589172
-1097423716
191480727
112012327
-1106336957
-89745776
-55767691
590874864
462544339
459139675
-101824217
576902841
-442943664
-1260681197
704870210
498611971
30394367
-938883219
-1096133874
-1136610489
-344390491
621127546
-1331057617
73229155
-981669678
705093747
-344958986
116515418
68047320
505346554
-909291416
-768960091
-1329495401
692254720
-1394366004
-1025766950
-134909296
-40068287
-1172310325
-409783197
-318346852
135930866
-570298595
648774892
285315077
-602846625
409968623
-421708796
-131664436
723900157
-148253876
-1213473166
607609463
-69246085
269821397
-1111478455
-101570578
-812555828
415102371
-770941497
-1044627514
-1231607284
-129836180
-964057507
-1276770804
-114136776
-579759048
-1614692
-891623302
-342003965
-1148816129
200095254
-943491339
-309049316
111451907
-1395594502
498169468
-215997710
-407237890
-370913208
-229515792
-1292910006
-174320966
-359324569
47909318
-641917808
-60737615
-791079500
-44408228
-383053484
-151955589
321029666
-204595360
-1019210009
-1380446080
-71300756
276718624
-550139720
-810333688
-1352322918
517921723
-549084408
257837744
-1162987856
551931684
-368128589
-1148516950
312682912
-1321544538
-145689432
-795648535
-140994922
-28534029
440095907
-1237737731
-718042951
-939240141
111590062
-99057043
426417039
-1008881661
-988430871
10028466
196588387
-597575472
39647794
-612130608
-1058275088
-1247910166
-12398888
-1000532598
680076965
-1298901536
667370555
-1220329131
663095557
-438176274
-958780673
238360229
-349655404
305595303
-1294706546
-1228068566
-460356966
555454770
-1055740888
231665491
-1121203611
465914582
-604809791
715278837
-1280385319
-183175254
-12110937
326268477
629314682
-709881383
-1023280371
-1166378645
-547726141
374386149
-756845835
-605067416
485550022
-826893520
-415331139
411227339
144995615
35953596
-87830672
-942078029
-395869341
27528191
-760081186
553839102
-154435279
-405756666
48086353
134426518
-677260324
-1294141678
112287115
-547580234
-67251524
-637242062
-958729997
-175355081
62941963
-571944960
68331682
-1222202418
-934977051
721551255
-417204426
-1186845269
-842760504
577529843
634447478
712300519
-123934801
-190801433
-967195750
-1257222381
-900691482
-317211528
706682129
354938647
687097214
17350242
-248053075
-727581349
133273973
-873184199
134903825
-671395791
-100360853
586239236
563314536
-774837129
-723123964
-105772022
-586974139
-248035607
-121639006
405886844
-24815467
445665898
245998447
-127786229
420548177
-615354593
-1056005902
-1284065813
-462511566
-546631976
-191211932
-493247677
-929111569
-241532958
-1213315675
232900765
440951101
330023706
-1377701674
-161563314
-1078790324
-67997119
-312742318
-1252894028
567231160
374199126
51399359
-757161218
-611254720
-807657887
-1088692614
-1373488427
-1099410229
567371241
-91209248
731203356
-785401592
262850259
-1290280697
162152250
-1021199957
-71427221
-1068513667
-540246117
-1050378418
-871763933
-1044763592
-1346845557
-1279158467
-1012399858
-98343462
-947883383
329668431
-1148504020
-790712002
159481352
635760515
670752765
-1335098106
-712912445
-874323362
-1013725312
-676335464
-563668183
-1183772311
642520696
-569883067
-559108494
167952715
-450098356
-1134374484
556818167
-1258943816
-792822742
-720846190
-899256826
-254521267
-355544374
-836036975
-123614326
42121176
475684971
338567700
-365628633
737246360
-1189562542
-943565521
635588635
-1256228017
-868598219
-814742050
-720485971
-472258123
-81012106
125911254
-245965025
-175909650
-1181390053
604991889
-745375174
-221423001
-1266800835
-925975247
-70301409
-649558169
-236756029
440507173
505985972
-1329718643
-1132948041
-355046593
122467941
-1394681310
-753897133
-980578932
-1394853190
-533394267
-514079044
650800853
-379556876
27388145
-901359437
310022561
-1182288217
427693865
-301484425
-18187834
-485634024
-72809070
-150614185
179056210
-1031650311
-7349612
663146371
308113689
-1394326020
-311027898
11202622
521725360
-230681133
288319989
-570739473
-845631432
303704088
85428802
-416144956
318916306
-1185383705
479841408
232298920
-154875173
-230188686
-1406478757
-582270852
-2411495
431280517
526310131
-758017569
-791771747
-283917179
501433654
-1350133777
94497919
-243334198
723078002
-334806632
-227594810
-325368136
-1061022250
-443287689
-1293467509
637363148
396038246
-729033533
203648996
-255951191
264886919
-214852938
-31269488
7310088
-719972258
-923562900
-960296838
-716385606
-95768344
447357075
-1022523329
-306876452
-1048078734
-404229668
-1328211871
-1284063320
-344298037
176351456
-117332110
-358638275
-895873416
-1082345159
726058997
-546830257
-115567440
-1304826752
-646885349
-456947434
-623794877
-1180654593
697166783
-1096326198
14557877
-71520944
321049298
704651028
414981564
-1376665780
-749152818
-418205020
480756703
-361610739
684983936
-1304740271
644225001
-1380646174
-1178738183
-437491276
205770690
113995116
613935857
719962683
441715365
602576614
-564285814
-411270315
707815270
198894245
541847659
-653397847
428305060
501596203
-339658637
-294555303
-307342981
-756027578
-327322515
-629779657
-722627950
333590075
362080731
-979289486
-765438904
309646428
-873964349
-858632143
339065662
-642637123
113941989
-192581888
-1266060247
-9540394
-210037445
585720526
-144382020
635742149
-562968029
-173984990
97218154
-758538610
582682571
-211895026
-994360647
-494394305
-1243868568
108361780
159643525
-161125675
-1258836117
-1300402665
-564953839
513310023
-869626743
79672665
85538211
-333525683
631105931
-312814367
433902602
7629680
-1242814495
577907763
-739328953
-42786531
426210049
526354435
-144462622
-874176220
-385048794
-784662707
-222649422
-539784463
413507675
193055340
375886640
579704515
-436001120
-201888075
-318839399
-284771828
-92225331
526272170
-508880045
448213334
-131473405
-1160760074
-622730589
-237785714
-63509033
-926246227
-967574273
103741880
-1085756704
-296837818
-676462891
-1396964895
-507901623
589139896
-861075707
517114991
-932941051
326340280
-760087711
-1256851616
-218022620
-1121619311
732918308
-1391441980
86558023
-323339331
-266148400
-743085548
-534485401
635036963
-1032290454
-1403377046
-1263141351
-244955634
-231097351
83415024
238863547
211393784
-550261335
563172252
-822862274
183341182
576272765
79301511
35062838
-1022221181
-141001737
512187195
714184507
508975960
665400988
-241256353
-1350061591
660901056
-222632925
146561840
-399856515
-1226199564
-1333941948
475723492
-1328580841
-956166993
482411854
-1181656783
208942781
-486103737
311823649
-289611912
-1012128193
-975855926
-463857900
-424925059
617550665
-625003374
-1083041787
-84804737
-237159147
186021884
-310035781
-260392880
-42420396
-382053033
-1239067473
17583421
-458570217
-51634990
-573272978
551638676
132230854
-497149518
289943928
213715422
-43251103
34937542
442124047
-571726562
-1188584434
16529456
548726935
-790647219
450738939
-652549205
194493131
330871364
132512829
521516752
-491351613
-842064558
-29879604
608678014
307607970
-809718240
-510793259
478605905
617930589
440701932
-310447324
-692760629
254922368
-915634710
220155262
-192551944
708146120
-560514081
-895032641
412851927
277824766
-673551667
-308036856
89133461
-54133478
-594716157
-1300833984
-597058587
-1001263033
241744254
-812960075
-82549238
-1337738544
567225729
-211289463
379934835
-979910751
687982686
121122500
-1099398401
391266379
-926743064
-382093622
-91229493
-432312365
-899356600
-1021199676
-461584485
-49805272
-506166909
-786150797
-509398746
230346832
315877755
-1157683525
-561204886
-1016256642
-1048452101
251801936
-607454267
603357561
-1298576379
720061903
675684426
678714759
-228645800
318201021
-1038614232
-278081353
-298094719
-727947225
-624233214
185227626
300024562
694602701
-984502979
-1336750278
-1064015215
-36022056
23509858
-160116716
587892555
-1223307128
-667188124
166352070
-970925245
181672399
560160836
-609311937
-303943905
-784711671
-743372616
-192454876
-802068007
-805106430
-251158357
379351601
-1224323649
120292820
-636147992
-112352959
-1345072645
149684202
-664543573
365017325
106868664
-238981144
438332456
452918857
-1012421440
-275575926
-444616098
-1161947124
-88817645
298261186
414470354
350322518
-257484655
237212951
-996407659
-1298846800
-1284916960
-329714866
-81236267
-676919559
275244112
-1069812864
-1034986197
460985872
460545364
-261068781
-388785327
525538128
-848802818
356736508
153137213
668131254
-619662876
-145948571
383631871
-222018908
-1158942736
-798402467
26099376
162305027
-1237559520
-296848509
-224790695
-84978767
-797053798
188867055
26239842
-671905350
-878266051
-792414665
61240500
-1340440179
-452162121
436319711
530611101
-729034996
-562167310
-595592466
-940915108
-904720
-976274198
622287513
-70191706
-185871666
-261079297
-423978074
-1145308813
-9956625
187684867
290855971
-585069838