693370318
686968180
664760565
636000598
626671153
616740742
586924678
558003057
538803768
528972855
526406084
519914403
503855783
497432047
496852785
490212584
439724611
436935424
430435736
429975126
424774372
421641362
390859740
382032262
369311041
367847612
345770535
344331353
329524267
253466068
247925565
225797493
212471289
189089448
175347433
112208078
82935604
29629996
1459134
-46593635
-50058495
-51341665
-83436689
-116104559
-118598235
-161577760
-188274737
-233930251
-243522189
-260731308
-300403227
-314317744
-314719031
-323615822
-324549944
-358500002
-370108818
-429652913
-459345779
-495717851
-546069008
-564181277
-565294638
-598096855
-636838952
-656459528
-660876243
-670645549
-680086822
-713885980
-743596460
-744267828
-746185236
-791323047
-902610109
-933036038
-946658031
-949482820
-1020664802
-1021406986
-1024968951
-1066288246
-1092298361
-1124727708
-1132926250
-1159430245
-1168952154
-1209592613
-1213829991
-1228260416
-1239534944
-1242157628
-1255888575
-1295258173
-1297879140
-1318900519
-1320339700
-1366824977
-1376687214
-1408626227