-1406478757
-1403377046
-1396964895
-1396456541
-1395594502
-1394853190
-1394681310
-1394366004
-1394326020
-1392700661
-1391441980
-1386573690
-1385721113
-1380646174
-1380446080
-1377701674
-1376665780
-1375904996
-1373488427
-1369039064
-1366737568
-1362259850
-1352322918
-1350133777
-1350061591
-1346845557
-1345072645
-1340440179
-1337738544
-1336750278
-1335098106
-1333941948
-1331057617
-1330507514
-1329718643
-1329495401
-1328580841
-1328211871
-1326950565
-1324256081
-1321544538
-1319302898
-1304826752
-1304740271
-1300833984
-1300402665
-1298901536
-1298846800
-1298576379
-1295706906
-1294706546
-1294141678
-1293467509
-1292910006
-1290280697
-1286867367
-1284916960
-1284065813
-1284063320
-1282098039
-1280385319
-1279158467
-1276770804
-1266800835
-1266060247
-1263141351
-1260681197
-1258943816
-1258836117
-1257222381
-1256851616
-1256228017
-1252894028
-1247910166
-1243868568
-1242814495
-1239067473
-1237737731
-1237559520
-1231607284
-1230974853
-1228068566
-1226199564
-1224323649
-1223307128
-1222640921
-1222202418
-1220329131
-1213473166
-1213315675
-1211134077
-1198463909
-1189562542
-1188584434
-1186845269
-1185383705
-1185319281
-1183895667
-1183772311
-1182288217
-1181656783
-1181390053
-1180654593
-1178738183
-1172310325
-1166378645
-1162987856
-1161947124
-1160760074
-1158942736
-1157683525
-1148816129
-1148516950
-1148504020
-1145308813
-1136610489
-1134374484
-1132948041
-1129451509
-1121619311
-1121203611
-1115983315
-1113563427
-1111478455
-1107616512
-1106336957
-1104337772
-1099410229
-1099398401
-1097423716
-1096326198
-1096133874
-1088692614
-1085756704
-1084312251
-1083041787
-1082345159
-1078790324
-1074956971
-1069812864
-1068739289
-1068513667
-1064015215
-1061824801
-1061022250
-1058275088
-1056005902
-1055740888
-1050378418
-1048452101
-1048078734
-1047911426
-1044763592
-1044627514
-1038614232
-1034986197
-1034302559
-1033374815
-1032290454
-1031650311
-1025766950
-1025557109
-1023280371
-1022523329
-1022221181
-1021199957
-1021199676
-1019210009
-1016256642
-1013725312
-1012421440
-1012399858
-1012128193
-1008881661
-1005538174
-1001263033
-1000532598
-998502924
-996407659
-994360647
-992445762
-988430871
-984502979
-981669678
-980578932
-979910751
-979289486
-976274198
-975855926
-970925245
-967574273
-967195750
-964057507
-960296838
-958780673
-958729997
-958524928
-956166993
-953687806
-947883383
-943565521
-943491339
-942078029
-940915108
-939240141
-938883219
-934977051
-932941051
-930196087
-929111569
-926743064
-926246227
-925975247
-923562900
-915634710
-909291416
-906335190
-904087430
-901359437
-900691482
-899356600
-899256826
-895873416
-895158042
-895032641
-891623302
-881314802
-878266051
-874323362
-874176220
-873964349
-873184199
-871763933
-869626743
-868598219
-865378984
-861075707
-858632143
-857775293
-857327605
-856566736
-854284260
-848802818
-845631432
-842760504
-842064558
-836036975
-827782824
-826893520
-822862274
-815572680
-814742050
-812960075
-812600284
-812555828
-810333688
-809718240
-807657887
-805106430
-802068007
-799802311
-798402467
-797053798
-795648535
-794312884
-792822742
-792414665
-791771747
-791079500
-790712002
-790647219
-786150797
-785401592
-784711671
-784662707
-774837129
-770941497
-768960091
-765438904
-765322819
-760087711
-760081186
-758538610
-758152641
-758017569
-757161218
-756845835
-756097165
-756027578
-753897133
-749152818
-745546339
-745463186
-745375174
-743372616
-743085548
-739328953
-729034996
-729033533
-727947225
-727581349
-727378024
-723123964
-722627950
-721115260
-720846190
-720485971
-719972258
-718042951
-716385606
-712912445
-709881383
-692760629
-689088851
-679572465
-677260324
-676919559
-676462891
-676335464
-673551667
-671905350
-671395791
-667188124
-664543573
-653397847
-652549205
-650545118
-649558169
-646885349
-645761011
-644234224
-642637123
-641917808
-641458613
-637242062
-636147992
-629779657
-625003374
-624233214
-623794877
-622730589
-619662876
-615354593
-612130608
-611254720
-609311937
-607454267
-605139247
-605067416
-604809791
-602846625
-597575472
-597058587
-595592466
-594716157
-586974139
-585069838
-582270852
-579759048
-576548789
-573272978
-571944960
-571726562
-570739473
-570298595
-569883067
-564953839
-564656943
-564285814
-563668183
-562968029
-562167310
-561204886
-560514081
-559759868
-559108494
-550847142
-550261335
-550139720
-549084408
-547726141
-547580234
-546830257
-546631976
-540246117
-539784463
-534485401
-534029993
-533394267
-514079044
-510793259
-509398746
-508880045
-507901623
-506166909
-500877622
-497149518
-496369133
-494394305
-493247677
-491351613
-486103737
-485634024
-480055187
-475483266
-472258123
-468509773
-463857900
-462511566
-461584485
-460700949
-460356966
-458570217
-456947434
-452162121
-450098356
-444616098
-443287689
-442943664
-438281920
-438176274
-437507680
-437491276
-436001120
-435156756
-432312365
-429586616
-424925059
-423978074
-423680852
-421708796
-421438740
-420115440
-418205020
-417727969
-417204426
-416144956
-415331139
-413937625
-411270315
-409783197
-407237890
-405756666
-404229668
-403013772
-399856515
-395869341
-388785327
-385048794
-383053484
-382093622
-382053033
-379556876
-370913208
-368128589
-365628633
-361610739
-359324569
-358638275
-355544374
-355046593
-349655404
-347996506
-344958986
-344724936
-344390491
-344298037
-342003965
-339658637
-335764688
-334806632
-333525683
-329714866
-327322515
-325368136
-323339331
-318839399
-318346852
-317211528
-315083879
-312814367
-312742318
-311880312
-311027898
-310447324
-310035781
-309049316
-308036856
-307342981
-306876452
-303943905
-301484425
-298094719
-296919377
-296848509
-296837818
-294555303
-289611912
-288388594
-284771828
-283917179
-279696423
-278081353
-276845104
-275575926
-270524986
-266148400
-261079297
-261068781
-260392880
-257484655
-257192040
-255951191
-254521267
-251158357
-248053075
-248035607
-245965025
-245541791
-244955634
-243334198
-241532958
-241256353
-241024884
-238981144
-237785714
-237159147
-236756029
-232690953
-231097351
-230681133
-230188686
-229515792
-228645800
-227594810
-224790695
-223031627
-222649422
-222632925
-222018908
-221423001
-218022620
-215997710
-214852938
-211895026
-211289463
-210037445
-204595360
-201888075
-192581888
-192551944
-192454876
-191211932
-190801433
-187778515
-185871666
-183175254
-175909650
-175355081
-174320966
-173984990
-166781004
-164665099
-161563314
-161125675
-160116716
-155458021
-154875173
-154435279
-152024645
-151955589
-150614185
-148253876
-145948571
-145689432
-144462622
-144382020
-141571727
-141001737
-140994922
-139335089
-137609134
-134909296
-131664436
-131473405
-129836180
-127786229
-126910908
-123934801
-123614326
-121639006
-118989844
-117332110
-115567440
-114136776
-112352959
-111354576
-105772022
-101824217
-101570578
-100360853
-99589172
-99057043
-98389547
-98343462
-95768344
-92225331
-91229493
-91209248
-89745776
-88817645
-87830672
-84978767
-84804737
-82549238
-81236267
-81012106
-72809070
-71520944
-71427221
-71300756
-70301409
-70191706
-69246085
-67997119
-67251524
-63509033
-60737615
-55767691
-54133478
-53525762
-53190168
-51634990
-49805272
-44408228
-43251103
-42786531
-42420396
-40068287
-36022056
-31269488
-29879604
-28534029
-24815467
-23677585
-18187834
-12398888
-12110937
-9956625
-9540394
-7349612
-2411495
-1614692
-904720
4934006
5650087
7310088
7629680
10028466
11202622
14557877
16529456
17350242
17583421
17625641
18841212
23509858
26099376
26239842
27388145
27528191
30394367
34937542
35062838
35953596
39647794
42121176
44719158
47909318
48086353
51399359
61240500
62941963
64695138
68047320
68331682
73229155
78483535
79301511
79672665
83415024
85428802
85538211
86558023
89133461
90263918
94497919
97218154
100371813
101095991
103741880
106868664
108361780
111451907
111590062
112012327
112287115
113941989
113995116
116515418
120292820
121122500
122467941
124372571
125911254
128589254
132230854
132512829
133273973
134426518
134903825
135930866
143276041
144995615
146561840
149684202
153137213
159481352
159643525
162152250
162305027
166352070
167952715
176351456
179056210
179650416
181672399
183341182
184547035
185227626
186021884
187684867
188867055
191480727
193055340
194493131
196588387
198894245
199754392
200095254
203648996
205770690
207411286
208942781
211393784
211704098
213715422
220155262
228249199
230346832
231665491
232298920
232900765
237212951
238360229
238863547
241744254
245998447
251801936
254922368
257837744
262850259
264886919
267195935
269821397
271260341
275244112
276718624
277824766
285315077
287146413
288319989
289943928
290855971
296059654
298261186
299486626
300024562
303704088
305595303
307196012
307607970
308113689
309646428
310022561
311823649
312682912
312923305
314756264
315877755
316008260
318201021
318916306
319230099
321029666
321049298
326268477
326340280
328754381
329668431
330023706
330871364
333590075
338567700
339065662
346119128
348600408
350322518
354938647
356736508
358036722
362080731
365017325
374199126
374386149
375886640
379351601
379934835
383631871
391266379
396038246
405886844
409968623
411227339
412851927
413507675
414470354
414981564
415102371
420548177
426210049
426417039
426821467
427693865
428305060
431280517
433573566
433902602
436319711
438332456
440095907
440507173
440701932
440951101
441715365
442124047
442947495
445665898
447357075
448213334
450738939
452417900
452918857
456191736
459139675
460545364
460985872
462267014
462544339
465914582
469782647
475684971
475723492
478605905
479841408
480756703
482411854
485550022
486134761
494990985
498169468
498611971
501433654
501596203
505346554
505623225
505985972
506174015
508975960
510911985
512187195
513310023
513687596
517114991
517921723
521516752
521725360
525538128
526272170
526310131
526354435
530611101
537457255
540334427
541847659
542971112
547803275
548726935
551638676
551931684
553839102
555454770
556818167
560160836
560545157
563172252
563314536
567225729
567231160
567371241
569638221
576272765
576902841
577529843
577907763
579704515
582682571
585720526
586239236
587892555
589139896
590874864
602576614
603357561
604991889
607609463
608678014
613935857
617550665
617930589
621127546
621442226
622287513
626085955
628821266
629314682
631105931
634447478
635036963
635588635
635742149
635760515
637363148
642520696
644225001
648031742
648774892
650800853
652445082
660901056
663095557
663146371
665400988
667370555
668131254
669538408
670752765
675684426
678714759
680076965
681043905
684983936
687097214
687982686
689322058
692254720
694236060
694602701
697166783
704651028
704870210
705093747
706682129
707815270
708146120
709437727
712300519
712304503
714184507
715278837
719962683
720061903
721551255
723078002
723900157
726058997
728504999
731203356
732918308
737246360