737246360
732918308
731203356
728504999
726058997
723900157
723078002
721551255
720061903
719962683
715278837
714184507
712304503
712300519
709437727
708146120
707815270
706682129
705093747
704870210
704651028
697166783
694602701
694236060
692254720
689322058
687982686
687097214
684983936
681043905
680076965
678714759
675684426
670752765
669538408
668131254
667370555
665400988
663146371
663095557
660901056
652445082
650800853
648774892
648031742
644225001
642520696
637363148
635760515
635742149
635588635
635036963
634447478
631105931
629314682
628821266
626085955
622287513
621442226
621127546
617930589
617550665
613935857
608678014
607609463
604991889
603357561
602576614
590874864
589139896
587892555
586239236
585720526
582682571
579704515
577907763
577529843
576902841
576272765
569638221
567371241
567231160
567225729
563314536
563172252
560545157
560160836
556818167
555454770
553839102
551931684
551638676
548726935
547803275
542971112
541847659
540334427
537457255
530611101
526354435
526310131
526272170
525538128
521725360
521516752
517921723
517114991
513687596
513310023
512187195
510911985
508975960
506174015
505985972
505623225
505346554
501596203
501433654
498611971
498169468
494990985
486134761
485550022
482411854
480756703
479841408
478605905
475723492
475684971
469782647
465914582
462544339
462267014
460985872
460545364
459139675
456191736
452918857
452417900
450738939
448213334
447357075
445665898
442947495
442124047
441715365
440951101
440701932
440507173
440095907
438332456
436319711
433902602
433573566
431280517
428305060
427693865
426821467
426417039
426210049
420548177
415102371
414981564
414470354
413507675
412851927
411227339
409968623
405886844
396038246
391266379
383631871
379934835
379351601
375886640
374386149
374199126
365017325
362080731
358036722
356736508
354938647
350322518
348600408
346119128
339065662
338567700
333590075
330871364
330023706
329668431
328754381
326340280
326268477
321049298
321029666
319230099
318916306
318201021
316008260
315877755
314756264
312923305
312682912
311823649
310022561
309646428
308113689
307607970
307196012
305595303
303704088
300024562
299486626
298261186
296059654
290855971
289943928
288319989
287146413
285315077
277824766
276718624
275244112
271260341
269821397
267195935
264886919
262850259
257837744
254922368
251801936
245998447
241744254
238863547
238360229
237212951
232900765
232298920
231665491
230346832
228249199
220155262
213715422
211704098
211393784
208942781
207411286
205770690
203648996
200095254
199754392
198894245
196588387
194493131
193055340
191480727
188867055
187684867
186021884
185227626
184547035
183341182
181672399
179650416
179056210
176351456
167952715
166352070
162305027
162152250
159643525
159481352
153137213
149684202
146561840
144995615
143276041
135930866
134903825
134426518
133273973
132512829
132230854
128589254
125911254
124372571
122467941
121122500
120292820
116515418
113995116
113941989
112287115
112012327
111590062
111451907
108361780
106868664
103741880
101095991
100371813
97218154
94497919
90263918
89133461
86558023
85538211
85428802
83415024
79672665
79301511
78483535
73229155
68331682
68047320
64695138
62941963
61240500
51399359
48086353
47909318
44719158
42121176
39647794
35953596
35062838
34937542
30394367
27528191
27388145
26239842
26099376
23509858
18841212
17625641
17583421
17350242
16529456
14557877
11202622
10028466
7629680
7310088
5650087
4934006
-904720
-1614692
-2411495
-7349612
-9540394
-9956625
-12110937
-12398888
-18187834
-23677585
-24815467
-28534029
-29879604
-31269488
-36022056
-40068287
-42420396
-42786531
-43251103
-44408228
-49805272
-51634990
-53190168
-53525762
-54133478
-55767691
-60737615
-63509033
-67251524
-67997119
-69246085
-70191706
-70301409
-71300756
-71427221
-71520944
-72809070
-81012106
-81236267
-82549238
-84804737
-84978767
-87830672
-88817645
-89745776
-91209248
-91229493
-92225331
-95768344
-98343462
-98389547
-99057043
-99589172
-100360853
-101570578
-101824217
-105772022
-111354576
-112352959
-114136776
-115567440
-117332110
-118989844
-121639006
-123614326
-123934801
-126910908
-127786229
-129836180
-131473405
-131664436
-134909296
-137609134
-139335089
-140994922
-141001737
-141571727
-144382020
-144462622
-145689432
-145948571
-148253876
-150614185
-151955589
-152024645
-154435279
-154875173
-155458021
-160116716
-161125675
-161563314
-164665099
-166781004
-173984990
-174320966
-175355081
-175909650
-183175254
-185871666
-187778515
-190801433
-191211932
-192454876
-192551944
-192581888
-201888075
-204595360
-210037445
-211289463
-211895026
-214852938
-215997710
-218022620
-221423001
-222018908
-222632925
-222649422
-223031627
-224790695
-227594810
-228645800
-229515792
-230188686
-230681133
-231097351
-232690953
-236756029
-237159147
-237785714
-238981144
-241024884
-241256353
-241532958
-243334198
-244955634
-245541791
-245965025
-248035607
-248053075
-251158357
-254521267
-255951191
-257192040
-257484655
-260392880
-261068781
-261079297
-266148400
-270524986
-275575926
-276845104
-278081353
-279696423
-283917179
-284771828
-288388594
-289611912
-294555303
-296837818
-296848509
-296919377
-298094719
-301484425
-303943905
-306876452
-307342981
-308036856
-309049316
-310035781
-310447324
-311027898
-311880312
-312742318
-312814367
-315083879
-317211528
-318346852
-318839399
-323339331
-325368136
-327322515
-329714866
-333525683
-334806632
-335764688
-339658637
-342003965
-344298037
-344390491
-344724936
-344958986
-347996506
-349655404
-355046593
-355544374
-358638275
-359324569
-361610739
-365628633
-368128589
-370913208
-379556876
-382053033
-382093622
-383053484
-385048794
-388785327
-395869341
-399856515
-403013772
-404229668
-405756666
-407237890
-409783197
-411270315
-413937625
-415331139
-416144956
-417204426
-417727969
-418205020
-420115440
-421438740
-421708796
-423680852
-423978074
-424925059
-429586616
-432312365
-435156756
-436001120
-437491276
-437507680
-438176274
-438281920
-442943664
-443287689
-444616098
-450098356
-452162121
-456947434
-458570217
-460356966
-460700949
-461584485
-462511566
-463857900
-468509773
-472258123
-475483266
-480055187
-485634024
-486103737
-491351613
-493247677
-494394305
-496369133
-497149518
-500877622
-506166909
-507901623
-508880045
-509398746
-510793259
-514079044
-533394267
-534029993
-534485401
-539784463
-540246117
-546631976
-546830257
-547580234
-547726141
-549084408
-550139720
-550261335
-550847142
-559108494
-559759868
-560514081
-561204886
-562167310
-562968029
-563668183
-564285814
-564656943
-564953839
-569883067
-570298595
-570739473
-571726562
-571944960
-573272978
-576548789
-579759048
-582270852
-585069838
-586974139
-594716157
-595592466
-597058587
-597575472
-602846625
-604809791
-605067416
-605139247
-607454267
-609311937
-611254720
-612130608
-615354593
-619662876
-622730589
-623794877
-624233214
-625003374
-629779657
-636147992
-637242062
-641458613
-641917808
-642637123
-644234224
-645761011
-646885349
-649558169
-650545118
-652549205
-653397847
-664543573
-667188124
-671395791
-671905350
-673551667
-676335464
-676462891
-676919559
-677260324
-679572465
-689088851
-692760629
-709881383
-712912445
-716385606
-718042951
-719972258
-720485971
-720846190
-721115260
-722627950
-723123964
-727378024
-727581349
-727947225
-729033533
-729034996
-739328953
-743085548
-743372616
-745375174
-745463186
-745546339
-749152818
-753897133
-756027578
-756097165
-756845835
-757161218
-758017569
-758152641
-758538610
-760081186
-760087711
-765322819
-765438904
-768960091
-770941497
-774837129
-784662707
-784711671
-785401592
-786150797
-790647219
-790712002
-791079500
-791771747
-792414665
-792822742
-794312884
-795648535
-797053798
-798402467
-799802311
-802068007
-805106430
-807657887
-809718240
-810333688
-812555828
-812600284
-812960075
-814742050
-815572680
-822862274
-826893520
-827782824
-836036975
-842064558
-842760504
-845631432
-848802818
-854284260
-856566736
-857327605
-857775293
-858632143
-861075707
-865378984
-868598219
-869626743
-871763933
-873184199
-873964349
-874176220
-874323362
-878266051
-881314802
-891623302
-895032641
-895158042
-895873416
-899256826
-899356600
-900691482
-901359437
-904087430
-906335190
-909291416
-915634710
-923562900
-925975247
-926246227
-926743064
-929111569
-930196087
-932941051
-934977051
-938883219
-939240141
-940915108
-942078029
-943491339
-943565521
-947883383
-953687806
-956166993
-958524928
-958729997
-958780673
-960296838
-964057507
-967195750
-967574273
-970925245
-975855926
-976274198
-979289486
-979910751
-980578932
-981669678
-984502979
-988430871
-992445762
-994360647
-996407659
-998502924
-1000532598
-1001263033
-1005538174
-1008881661
-1012128193
-1012399858
-1012421440
-1013725312
-1016256642
-1019210009
-1021199676
-1021199957
-1022221181
-1022523329
-1023280371
-1025557109
-1025766950
-1031650311
-1032290454
-1033374815
-1034302559
-1034986197
-1038614232
-1044627514
-1044763592
-1047911426
-1048078734
-1048452101
-1050378418
-1055740888
-1056005902
-1058275088
-1061022250
-1061824801
-1064015215
-1068513667
-1068739289
-1069812864
-1074956971
-1078790324
-1082345159
-1083041787
-1084312251
-1085756704
-1088692614
-1096133874
-1096326198
-1097423716
-1099398401
-1099410229
-1104337772
-1106336957
-1107616512
-1111478455
-1113563427
-1115983315
-1121203611
-1121619311
-1129451509
-1132948041
-1134374484
-1136610489
-1145308813
-1148504020
-1148516950
-1148816129
-1157683525
-1158942736
-1160760074
-1161947124
-1162987856
-1166378645
-1172310325
-1178738183
-1180654593
-1181390053
-1181656783
-1182288217
-1183772311
-1183895667
-1185319281
-1185383705
-1186845269
-1188584434
-1189562542
-1198463909
-1211134077
-1213315675
-1213473166
-1220329131
-1222202418
-1222640921
-1223307128
-1224323649
-1226199564
-1228068566
-1230974853
-1231607284
-1237559520
-1237737731
-1239067473
-1242814495
-1243868568
-1247910166
-1252894028
-1256228017
-1256851616
-1257222381
-1258836117
-1258943816
-1260681197
-1263141351
-1266060247
-1266800835
-1276770804
-1279158467
-1280385319
-1282098039
-1284063320
-1284065813
-1284916960
-1286867367
-1290280697
-1292910006
-1293467509
-1294141678
-1294706546
-1295706906
-1298576379
-1298846800
-1298901536
-1300402665
-1300833984
-1304740271
-1304826752
-1319302898
-1321544538
-1324256081
-1326950565
-1328211871
-1328580841
-1329495401
-1329718643
-1330507514
-1331057617
-1333941948
-1335098106
-1336750278
-1337738544
-1340440179
-1345072645
-1346845557
-1350061591
-1350133777
-1352322918
-1362259850
-1366737568
-1369039064
-1373488427
-1375904996
-1376665780
-1377701674
-1380446080
-1380646174
-1385721113
-1386573690
-1391441980
-1392700661
-1394326020
-1394366004
-1394681310
-1394853190
-1395594502
-1396456541
-1396964895
-1403377046
-1406478757