200 1000 0 199
130 7 171627
123 50 472889
152 76 697760
130 143 885245
189 18 242755
127 89 159598
197 141 857282
160 171 537032
77 138 148871
98 35 910280
102 144 585983
3 148 313629
18 179 327542
41 188 860772
64 107 962277
181 189 760439
90 170 900197
78 32 142968
48 128 273541
51 118 798592
119 50 804661
155 53 887285
68 190 5624
48 119 437315
62 23 545456
47 87 577435
2 4 999126
70 13 360146
0 111 594202
2 175 289750
74 4 831630
119 164 992074
169 174 552307
121 1 250208
89 184 968285
10 46 470632
111 100 202577
167 31 102604
99 162 307186
65 8 347372
182 38 660531
133 83 595870
159 33 254154
145 51 954283
146 79 30590
188 121 436311
161 19 720194
156 177 67700
38 31 586035
98 38 343307
152 130 596594
128 136 465165
82 7 555570
148 88 579812
15 49 123548
136 83 407791
178 143 704371
23 162 517536
160 6 792669
119 73 820258
69 8 999474
105 86 302192
34 140 664812
125 179 966932
62 94 52554
68 26 665353
35 145 956120
196 148 439850
50 177 23050
7 137 614490
97 122 383380
79 165 214935
198 82 303729
50 9 832780
16 147 216670
51 81 252542
189 111 571845
127 131 165952
87 99 547693
110 28 97425
103 124 427241
147 143 803100
120 47 962221
112 176 742016
160 187 732376
26 10 266351
150 132 297495
177 93 123450
57 84 87747
77 178 533750
35 149 963912
18 137 235284
41 131 486280
63 72 874067
198 87 13630
196 10 572149
85 4 932622
167 33 791740
73 157 2506
132 58 306139
21 33 816615
84 41 697295
194 17 471314
31 134 311821
42 111 705942
107 5 517005
21 100 604472
36 148 553937
195 45 713825
72 132 342929
117 193 607671
189 154 949517
107 117 352340
54 135 717111
97 50 759333
188 181 473952
89 21 546076
110 62 626320
197 185 909440
94 7 956122
85 162 135725
178 120 487464
119 115 310568
92 44 960051
0 48 793002
137 90 729415
127 165 940634
123 188 483289
8 83 273794
111 151 230422
14 98 64139
4 90 268947
25 191 968522
10 21 463183
182 179 497008
9 2 613458
68 192 545448
169 185 969955
28 142 369274
187 158 127159
178 3 573023
78 171 861759
57 8 233487
0 189 640659
137 16 630478
168 124 702574
185 7 341173
99 73 947083
133 95 2691
145 37 575092
147 74 852820
131 194 881836
8 0 929428
8 148 848675
32 104 647996
163 14 342341
157 61 979617
107 8 810652
184 151 825518
172 199 396190
152 44 481459
62 8 106687
103 139 37049
74 145 741934
184 173 437451
166 33 340557
8 87 958840
146 33 658989
112 35 572059
142 181 96022
31 56 516225
28 48 487034
0 3 741378
69 140 773256
110 97 339673
137 52 299800
123 120 831714
116 108 587511
10 158 247968
75 130 901834
169 196 57520
91 120 382122
43 195 710963
179 149 708239
140 27 972914
161 68 960727
18 49 815196
189 164 413646
146 154 924339
143 74 510271
56 160 35036
118 148 454651
30 199 938298
41 126 75783
13 84 897408
156 132 761820
125 92 550954
65 118 211020
42 123 526361
124 166 689235
129 185 256197
168 76 904868
164 45 31728
159 94 195706
48 191 288066
182 138 451491
33 165 5013
82 56 867545
19 71 761701
106 90 898815
130 43 376880
7 176 702329
107 177 413833
52 97 520592
37 127 509436
3 180 929579
70 10 120369
3 160 962213
123 9 43849
75 0 921190
161 25 487525
38 15 528957
57 89 667415
30 187 692295
71 12 438497
199 14 895725
60 21 621943
163 31 836687
69 64 976314
67 4 235612
97 195 725142
28 15 360510
168 34 179311
83 167 469998
166 196 380555
81 12 350412
191 35 719597
21 89 328331
167 37 528413
93 61 532161
108 194 91486
19 117 511798
95 28 401651
133 0 701447
36 104 918325
64 194 460843
60 75 126085
123 134 578967
99 164 168809
71 68 435261
93 137 240661
96 101 500785
161 118 316599
0 79 225991
2 58 116329
190 2 703822
194 91 528476
70 103 632489
188 123 212594
75 33 691245
63 134 434658
130 81 458605
61 181 535362
97 167 260995
48 158 809918
79 3 32094
126 50 57313
11 22 136877
125 138 279489
49 22 718762
68 158 766510
152 62 611172
95 87 191865
190 59 919409
194 189 783676
88 29 387303
183 10 222965
155 127 438077
69 190 139293
25 93 490187
85 136 232020
105 154 473336
128 164 511049
71 190 759452
46 162 785609
167 14 703035
11 101 864149
5 187 629882
68 99 854189
5 40 533785
182 44 831121
168 0 81400
177 188 840316
114 123 839494
118 145 909528
76 157 891661
137 124 451297
124 30 750442
69 134 144095
126 76 295186
34 71 329953
86 57 818362
114 19 93082
47 58 613255
174 167 874241
192 81 253004
76 37 413815
86 140 872794
80 182 309537
14 3 31098
174 180 837840
145 186 295089
150 41 525827
101 157 941757
36 73 709070
81 39 551654
69 153 25924
56 91 800144
40 16 41472
104 167 551273
65 150 917170
150 55 669800
193 37 309988
75 151 286532
176 132 233846
137 171 706149
96 55 526141
170 110 549903
75 141 337476
116 113 680768
12 59 367506
43 100 234146
66 194 861962
44 28 905964
19 49 991516
18 124 580623
88 19 928883
79 57 16867
4 83 490792
145 73 531267
34 8 329193
53 25 598347
144 184 787832
171 178 663572
87 79 684806
79 100 997172
77 51 647702
144 134 503133
8 3 903067
104 89 176635
140 32 192542
149 164 150819
137 127 215747
88 54 618741
11 76 330838
21 42 756404
115 113 91763
84 45 674548
65 172 677366
126 157 786192
198 108 898117
167 100 333493
12 26 99029
188 51 241361
142 25 811743
174 105 659845
168 106 138547
192 45 457477
111 167 742491
21 101 299607
79 148 130945
147 149 397878
179 160 538521
109 23 816213
165 71 223094
120 109 662920
131 69 774525
73 14 891940
124 66 827753
15 95 664717
131 135 664647
51 28 525065
7 114 33352
116 149 702467
72 11 615515
42 10 924734
91 129 903239
102 134 556878
87 157 499503
171 130 964666
88 156 46368
165 146 106894
36 57 43292
55 97 416359
158 168 537764
12 53 318533
85 61 638085
6 68 279019
176 111 616270
42 66 747170
123 83 465897
132 104 752227
70 160 906912
29 39 401590
132 125 407014
76 175 167665
82 141 129010
76 132 757806
149 110 966716
150 178 318902
164 190 913029
73 94 114033
186 27 444627
167 24 596836
8 90 465996
77 180 523331
162 70 193555
105 113 734805
191 82 618864
101 7 519969
157 116 359792
191 193 332983
13 153 506553
18 48 69287
192 70 241945
58 192 273793
66 11 45689
44 87 324377
75 123 436212
35 160 951469
97 83 862976
128 127 612901
11 179 521448
78 81 895734
57 116 549686
82 15 467255
79 168 93950
138 12 348539
185 85 34279
132 35 457434
135 139 849350
49 110 921511
132 81 43059
79 36 749713
11 58 686927
173 104 294509
49 99 874025
193 25 129236
164 93 652097
93 84 739628
84 156 70708
28 168 608815
142 99 850847
104 80 662261
26 114 842865
175 32 32639
86 115 843276
100 183 809702
108 134 356548
90 60 283422
119 45 894883
17 83 476034
124 174 692509
182 61 386616
160 33 577217
71 170 623499
103 43 892034
4 97 933738
161 139 753515
133 80 587026
102 131 213600
132 63 817316
34 69 765329
169 146 67987
40 1 990504
64 174 886604
109 143 481720
156 168 244206
12 74 651967
31 21 625146
96 48 509608
193 156 269230
197 182 468610
187 89 867446
60 183 69788
154 114 289904
24 38 615252
131 190 211497
199 193 17158
14 121 962537
137 79 681023
71 54 860467
179 162 840063
41 141 132872
144 91 753865
90 126 712129
181 145 392808
140 125 465924
162 64 70827
150 66 866859
67 31 316142
37 5 926755
182 107 660717
62 104 372875
30 108 83174
3 147 788155
5 12 673436
199 184 489598
70 14 247551
98 162 572354
118 124 786449
101 81 833814
146 175 517977
64 33 504704
108 70 496274
144 50 834567
48 102 753978
136 122 455153
118 67 680082
93 41 121986
158 39 95564
174 79 370085
191 154 551660
171 77 737440
93 114 841524
141 159 831794
34 91 134006
67 117 873760
71 197 147094
10 60 890577
138 22 486155
114 137 419219
27 125 1840
40 101 635685
124 126 175957
49 177 65819
33 158 829513
63 75 185784
21 63 338078
144 12 556106
39 189 216822
84 77 988000
189 181 884521
138 27 557209
82 86 947269
65 75 267993
160 91 100568
188 156 932743
49 115 730863
158 45 903500
137 187 884104
143 27 333772
114 111 333994
4 117 469366
56 129 48193
126 80 285141
50 12 768315
160 113 993009
30 118 87040
181 39 978792
161 116 974187
52 61 199161
45 147 190393
128 14 624096
24 7 483304
0 40 724862
193 166 246816
98 99 361408
163 161 50528
34 21 108540
2 115 754822
44 176 488307
25 131 714056
78 29 793731
100 35 2262
176 189 473768
133 30 624620
110 102 312701
2 105 346846
147 0 489005
30 151 474881
198 96 924826
11 163 367661
145 172 146856
136 137 488328
152 93 400622
39 55 742421
60 146 788266
128 199 398448
185 21 630846
41 8 595492
120 142 376373
169 177 515497
139 171 187211
152 122 409725
141 102 813336
177 83 34602
80 176 40644
114 106 105303
39 165 634524
145 25 774208
26 195 593326
16 87 730181
186 126 602651
60 102 189687
169 125 148622
117 50 530654
120 44 678600
128 74 582647
87 119 947525
149 82 246114
29 6 947649
131 132 770655
65 157 326839
172 151 185803
54 71 298078
18 12 781676
36 197 995386
130 33 524931
172 49 28597
169 178 128236
135 104 464602
53 120 314751
137 181 244886
113 108 534917
146 141 805800
49 183 753941
163 123 55550
133 169 197747
71 94 76062
90 95 581367
122 11 794900
61 35 103821
38 52 75208
5 76 865742
27 2 413927
166 165 311239
179 28 405957
78 163 243508
173 89 471878
94 3 872080
121 52 260539
137 182 17579
76 83 785896
32 12 964640
80 185 125585
97 37 557225
110 150 60430
56 134 667066
14 147 903934
6 168 719651
104 37 369745
158 156 387599
142 112 255516
64 144 101473
100 33 958101
194 9 348668
58 53 377050
123 68 183367
188 40 46272
191 43 95496
161 94 40820
135 0 445506
176 92 479833
141 149 17979
34 10 496860
197 41 331857
44 69 43591
3 26 659460
55 186 348486
51 60 731644
155 61 212108
38 8 236155
105 107 766839
12 128 518196
49 185 338909
126 165 657365
6 189 700337
75 178 90538
193 72 770732
106 121 765779
2 159 45735
39 74 834936
72 193 85066
189 194 988757
57 77 858352
130 192 98578
96 19 698005
107 64 962477
164 126 489923
62 156 734861
112 0 871959
44 136 326076
140 149 229704
81 42 760333
182 54 587937
132 11 92055
175 50 47887
148 131 365174
3 114 599272
154 132 353019
43 99 139979
33 183 785376
105 158 472153
71 41 500821
43 113 330297
126 175 482497
23 188 734311
32 170 218693
76 96 942464
104 134 82836
162 79 915842
121 84 513718
29 31 734726
141 73 596585
135 96 601453
99 143 122372
157 44 349033
169 36 877568
57 183 378967
15 91 557732
170 178 369206
166 150 830293
157 54 517617
13 33 49976
7 5 701260
54 0 95103
184 74 890728
71 46 381524
195 67 138975
32 76 58589
49 18 284634
12 151 132303
65 104 723447
76 9 231749
144 25 487439
133 1 59881
63 88 370975
28 13 455648
54 128 754239
45 183 433601
60 121 319508
110 83 560236
41 72 340721
44 103 531306
192 139 706350
113 101 127527
94 173 672640
47 52 78373
9 148 230251
199 90 295974
120 79 575749
86 64 652001
157 130 262990
170 50 922434
161 29 221591
122 43 250460
57 97 415109
75 77 635996
160 190 729802
164 21 525729
127 198 980635
184 156 663126
191 73 636214
166 104 179203
36 90 220023
74 13 630529
33 173 959247
123 36 54480
171 199 273377
44 119 819178
87 51 606528
82 34 376486
184 12 390171
61 18 420509
171 40 275147
20 127 262722
72 149 222396
133 150 979531
63 112 533220
11 46 631912
43 176 854752
11 124 353090
91 82 309303
57 46 129522
9 117 280715
94 189 132717
177 121 932030
15 48 903472
31 49 870014
55 86 459615
69 180 98354
104 3 16526
190 92 168426
67 47 954283
74 133 685429
86 98 508970
142 75 972604
181 12 375695
90 40 731573
68 72 4203
127 155 20661
26 23 108227
177 100 695937
156 27 560407
42 133 694700
45 104 946545
1 100 710902
99 43 43073
172 154 261600
54 166 34815
183 67 849032
65 60 21880
183 80 198024
107 161 990502
67 60 75002
69 86 874488
97 67 542145
156 134 73588
197 82 415988
80 135 426766
72 100 229238
162 106 418350
79 26 693355
141 163 231845
160 68 823175
32 8 872245
128 86 409581
172 109 794838
140 94 785956
144 194 998932
74 105 261448
93 139 599970
109 30 768037
106 99 913727
193 191 585217
100 74 692288
195 5 407079
117 144 847895
176 80 949875
4 160 970571
153 38 946343
113 91 720023
129 184 502460
35 56 564380
68 86 29584
157 39 194825
13 108 534429
43 67 220097
157 161 683495
198 51 74506
75 189 220007
82 90 15681
96 91 470221
99 189 17000
20 50 384725
133 184 694253
147 70 142472
40 82 282157
149 140 99268
169 33 113171
138 192 143524
141 82 817867
96 154 684080
121 2 592750
179 153 206135
106 22 507178
114 35 335755
25 193 682202
117 190 306339
63 36 444066
75 106 760926
187 54 449193
31 99 270659
134 198 443092
74 3 327394
31 26 417224
29 82 64569
32 78 278937
107 73 19343
191 46 655318
51 192 695840
180 44 816852
183 190 875949
57 141 56454
38 50 22185
166 167 451378
48 134 563071
93 88 92302
190 112 532015
96 42 522066
130 122 773088
40 181 548819
161 141 634217
154 99 565868
148 194 659303
131 61 683619
64 56 773324
120 98 905815
38 161 369000
172 28 389911
118 175 989842
109 139 6590
0 161 359438
171 33 636091
100 139 34676
120 101 383714
2 16 64722
67 29 632767
75 186 884507
73 25 801000
50 159 41447
197 56 431099
197 48 991808
153 131 657273
197 49 454401
178 22 633830
134 59 446326
21 125 962103
47 24 263200
164 160 420859
15 58 783062
95 121 912682
159 103 719802
46 11 191048
57 193 756981
82 79 203108
188 20 900539
194 57 188262
106 130 265538
23 28 960303
129 164 817898
189 186 123043
78 147 804461
168 51 600916
165 116 621742
126 41 523964
42 135 373194
16 21 804800
1 92 692493
26 78 779426
47 41 853280
163 144 899615
28 184 570737
143 73 721364
34 77 130441
156 26 189085
157 197 651914
179 180 263827
161 133 29726
57 49 883367
183 60 456080
126 164 200778
76 190 96121
88 73 388782
12 141 265070
44 36 80635
172 39 451506
128 49 464680
103 152 374833
182 134 176004
6 109 625741
76 148 540526
173 194 334267
62 195 139731
22 184 419281
173 198 355700
191 42 710418
25 32 291768
175 99 6928
187 116 744102
117 134 291485
16 144 55114
192 130 311699
57 22 221601
112 57 817273
58 55 203268
32 77 364352
172 21 948722
108 149 311188
170 107 465068
89 88 901758
65 70 478331
121 174 930688
46 85 490119
65 73 635598
126 155 739039
128 193 481150
160 96 67478
49 188 911918
20 187 357666
148 122 122358
41 115 701245
149 166 93903
192 116 748154
76 152 853181
92 81 745082
20 181 541000
83 65 650527
182 128 453498
