300 778 0 299
0 29 84088970
1 28 76638949
2 21 34119699
3 33 36724470
4 35 37747343
5 35 31443796
6 38 37144055
7 24 62723291
8 39 36751850
9 37 1764517
10 28 7416503
11 33 39874188
12 25 4876658
13 36 75091901
14 26 8224596
15 21 16946878
16 25 85105817
17 26 24022069
18 24 57228028
19 36 2872064
20 44 58442914
21 44 5196125
22 58 64926148
23 59 86025314
24 55 57410364
25 57 79110209
26 59 59473149
27 53 31817062
28 47 11193027
29 51 44533510
30 51 76736978
31 50 48300148
32 50 98469830
33 55 83284557
34 40 3632380
35 44 51925684
36 56 70739670
37 46 6822144
38 58 74012579
39 48 44306147
40 63 31560324
41 60 5921654
42 65 65115864
43 69 65237013
44 61 15689503
45 78 96760588
46 67 61745080
47 79 90093174
48 64 66025653
49 72 98475346
50 71 10772533
51 68 75751794
52 77 680949
53 76 78743413
54 66 19093211
55 64 49239640
56 69 73904691
57 61 16532617
58 61 1518201
59 65 97028702
60 85 87097524
61 96 85713855
62 90 76677841
63 98 23129511
64 80 38613810
65 88 98174260
66 88 45024503
67 81 14415560
68 96 16868890
69 90 70178078
70 91 4870752
71 94 74512601
72 95 53994493
73 87 71302178
74 93 15483572
75 99 13610748
76 86 62455342
77 99 52674639
78 87 88095852
79 97 88280208
80 113 11966208
81 117 32844361
82 115 8650428
83 107 1696258
84 116 62925928
85 108 4825034
86 100 1251043
87 106 92755430
88 106 98720337
89 105 81299276
90 109 65244498
91 117 29473247
92 108 12018329
93 106 34074339
94 100 53765658
95 106 9033963
96 102 59891118
97 113 85455881
98 112 75050021
99 101 40590996
100 135 87432288
101 132 52063993
102 139 6474793
103 138 95019821
104 129 1229225
105 121 33877101
106 139 48289259
107 136 80372226
108 123 23728987
109 139 34122813
110 137 9371218
111 124 69497719
112 137 62694358
113 136 53339409
114 123 45297249
115 132 87698238
116 137 59413773
117 125 85903061
118 136 75961707
119 135 90215745
120 145 30244779
121 154 75498531
122 153 53346262
123 156 94223202
124 143 2029633
125 158 91368482
126 155 20012485
127 142 55409954
128 150 98200411
129 158 43464150
130 140 91771513
131 155 18058007
132 147 21702599
133 149 49020155
134 148 89361605
135 159 24210501
136 144 82147870
137 147 81371099
138 157 41563595
139 146 99148163
140 179 3381541
141 178 62195964
142 165 33732994
143 170 24691256
144 178 6874564
145 167 99330055
146 172 21122732
147 176 33090976
148 164 81255163
149 174 9649437
150 178 96530553
151 160 62611219
152 170 91685898
153 161 77191076
154 173 66139418
155 172 13263461
156 160 82806894
157 176 67264270
158 172 35764105
159 164 47827450
160 194 39707033
161 182 91245134
162 198 96752528
163 183 17170170
164 188 98267718
165 182 51659239
166 181 44381334
167 192 30749020
168 199 12136785
169 196 24517606
170 181 46769183
171 195 91299701
172 189 41755184
173 196 61559385
174 180 93431743
175 190 70409181
176 180 20134013
177 188 11961169
178 194 81512979
179 190 93594515
180 217 67210660
181 217 13539346
182 216 94963735
183 201 74464211
184 210 64208939
185 214 31937375
186 213 73127671
187 206 33606061
188 219 84579815
189 216 77653824
190 203 66875127
191 208 76032400
192 205 52419713
193 200 63617115
194 203 8379631
195 202 81977362
196 216 31214770
197 211 39468881
198 203 731621
199 206 44942512
200 229 96361012
201 223 78404135
202 232 50877878
203 232 87252645
204 229 89377884
205 233 77766545
206 224 45647355
207 229 75286863
208 229 87475689
209 221 56403893
210 222 37808193
211 224 89212550
212 220 49391714
213 233 19093504
214 230 44401544
215 231 38879529
216 227 92665383
217 223 23858259
218 232 77371217
219 233 97390146
220 250 11886379
221 246 46257363
222 256 700816
223 258 57229620
224 244 2984166
225 249 48408061
226 246 76264191
227 243 52496484
228 256 33735986
229 252 47144901
230 248 26211638
231 245 79130071
232 248 3304614
233 240 31621747
234 251 59420411
235 246 45376887
236 243 46108535
237 241 97471918
238 254 39664277
239 242 16898823
240 269 22005162
241 260 55435417
242 264 34405558
243 265 24911840
244 274 50322151
245 269 62360975
246 272 94446928
247 272 89902999
248 261 76261233
249 268 44459843
250 272 42124523
251 263 46869320
252 269 366583
253 273 87337303
254 273 63762181
255 262 44592440
256 271 39803164
257 274 52661544
258 277 95098438
259 279 10891165
260 297 14582177
261 292 22945567
262 285 85569579
263 287 64498513
264 299 22196515
265 295 52373667
266 291 43145347
267 289 99749824
268 287 92496677
269 290 29509811
270 289 28725074
271 292 67174758
272 284 36747437
273 296 11928501
274 296 71846250
275 296 94696808
276 285 2165783
277 286 11780232
278 285 90259128
279 294 29642320
39 228 83344
299 144 868819
18 117 640099
72 133 979260
49 24 104532
159 15 494218
199 72 403358
285 0 330146
35 14 432132
209 94 726756
237 60 851454
254 225 312760
269 263 84925
120 160 627159
78 198 956294
61 172 436085
174 164 263770
189 8 364821
151 298 61142
260 231 644296
23 284 878798
183 56 38914
234 121 696711
209 5 557494
20 105 2077
198 1 80336
133 209 265441
154 51 317254
283 81 415981
210 23 530199
164 89 990067
202 24 390469
288 29 835531
241 60 748028
211 277 435940
41 55 199047
149 241 747852
152 74 133490
135 256 394331
280 94 551924
91 265 602162
72 273 62535
176 3 948218
32 7 909192
203 28 824093
167 49 931035
148 214 716056
130 49 311315
270 40 437763
159 208 833547
83 271 908137
282 258 640287
202 296 72754
201 65 340381
6 98 581170
69 67 550287
3 14 993701
174 133 31167
163 119 272883
250 111 308509
44 43 666652
27 268 563424
203 248 67770
12 174 449924
197 34 873714
232 272 801781
215 3 648311
238 180 571838
245 152 485890
283 95 73224
97 293 777882
7 145 257809
188 91 492773
93 86 420137
299 28 533264
253 77 207186
245 292 618269
203 93 373338
236 57 925936
47 165 448309
185 219 946049
219 139 549178
147 76 889070
25 151 631933
223 271 511762
120 126 57951
168 285 157998
223 91 448689
295 16 678420
22 71 655948
101 248 688510
277 171 194449
4 215 555280
86 116 600442
260 174 286258
111 146 209392
288 140 622525
11 228 413869
285 289 136149
25 298 941597
201 285 844766
31 210 975469
126 214 583356
256 67 629313
284 20 40704
107 274 381369
18 239 269844
183 181 371100
24 201 921526
174 254 585038
258 39 543888
224 95 296437
9 237 297390
210 164 858534
255 23 202857
53 216 517494
254 73 456910
266 224 352402
287 140 502772
14 22 943065
298 136 688254
43 268 699427
155 66 715918
284 0 751366
274 157 673971
72 295 862979
53 157 654115
102 50 443179
70 20 617085
21 16 893123
222 210 8822
131 178 497101
180 185 433281
203 156 427758
183 89 547580
110 144 156153
95 74 651515
291 52 367602
251 259 734279
163 120 830162
0 258 73703
156 75 322909
198 102 845727
279 55 748688
277 108 787363
29 157 876648
128 259 696801
82 120 924043
230 119 986240
29 287 784826
277 104 59488
273 73 453971
107 247 994479
200 290 434701
136 234 944013
53 114 454330
230 43 909430
226 173 558839
282 100 721153
68 20 384304
259 122 618925
82 251 280163
271 260 323419
133 56 868858
223 73 805671
221 275 635509
72 212 198290
147 262 626499
161 40 467381
129 8 914773
100 178 94810
289 106 266506
213 158 995038
240 251 208959
250 39 237427
293 266 676006
232 263 357710
171 178 644187
71 255 197826
161 202 105919
48 285 693986
283 200 953014
143 171 17638
73 231 910209
289 55 503737
19 170 27023
197 130 872965
67 205 796938
61 91 187894
220 222 515916
291 256 191435
251 154 906091
255 277 398800
102 65 325344
184 84 744448
49 229 802403
82 80 180889
206 78 461960
22 132 152903
26 48 183216
66 53 864965
87 159 494194
265 96 949772
246 35 496938
222 94 152160
293 78 598807
137 99 335947
62 234 198141
75 38 859164
120 179 924416
201 210 231221
43 213 538776
123 20 373865
64 54 896284
165 5 924958
106 81 633934
207 122 580703
249 137 722898
88 266 388491
262 276 168593
273 284 764972
110 124 419904
11 84 24016
253 2 24411
80 229 193890
204 181 729682
160 52 842819
18 149 461819
265 244 659043
16 182 150991
27 158 453967
140 250 619547
244 178 467519
27 62 289388
120 90 418458
69 272 307270
129 250 271793
18 156 969857
68 121 54570
263 187 993700
274 62 829320
267 158 946394
68 127 201289
137 93 74233
131 77 23403
298 13 771653
186 277 221780
292 144 930411
222 253 363988
38 6 355689
264 62 311932
154 91 157421
276 114 409264
245 24 668259
298 297 886411
188 296 99656
8 115 764042
271 235 18812
162 110 560265
210 92 637045
42 19 758734
281 143 272458
34 81 579638
182 188 187146
44 221 324806
179 25 329322
2 226 146354
20 39 715821
177 24 306743
148 190 230880
165 28 502062
117 299 855520
196 257 943155
54 112 812620
210 268 659338
21 180 597874
12 47 409751
251 131 560123
226 262 668296
150 8 444859
163 88 350404
20 270 638451
248 91 373598
127 60 139436
51 298 119912
276 112 618236
195 262 879418
25 118 299375
299 72 201401
184 297 740478
118 47 641465
96 223 737340
31 220 13550
122 104 560191
231 75 365582
120 21 886458
131 12 320583
86 101 999190
54 247 212516
292 99 357614
130 221 983195
80 156 285264
232 242 811574
88 39 964176
31 244 366846
170 166 824936
291 252 557241
73 84 601793
146 271 532139
116 254 995771
58 178 478650
237 179 290190
53 221 515902
124 141 663094
284 226 15632
261 103 526688
272 122 836673
279 265 655139
17 155 567574
153 165 941157
284 180 240342
299 167 274693
56 34 471854
33 200 668275
1 112 331200
155 61 976064
250 126 366494
85 194 418321
176 38 163432
222 25 918646
203 45 872347
27 228 947229
100 194 314763
289 240 156517
279 89 201947
240 99 736719
25 185 206236
223 135 639447
236 124 826101
271 177 922679
30 144 966265
62 36 558393
210 48 145690
253 285 280327
131 159 153597
58 84 885498
6 105 788445
237 149 926443
103 216 639722
246 53 802487
237 135 456086
163 268 19894
163 63 919742
209 231 68481
201 194 292723
36 286 145357
180 206 794722
22 14 642226
185 57 870509
200 36 252373
3 120 845861
103 158 653258
198 277 807016
282 27 861846
295 148 580636
107 97 834408
233 125 669582
193 180 148300
49 29 591286
214 29 114887
183 273 731964
278 241 799321
148 225 444041
73 268 995353
200 136 167647
256 168 319253
5 3 752023
174 80 333326
263 265 611696
92 126 748907
20 190 486155
234 149 518167
102 296 706120
138 275 607443
227 61 231340
291 266 956257
192 65 488307
109 110 600944
142 33 163980
3 178 356424
286 288 981671
107 14 486805
119 104 478450
83 240 59238
120 8 89331
88 47 160092
248 95 902646
105 49 493806
204 56 679178
210 175 62410
4 268 997763
182 134 227124
291 168 976158
0 1 548483
94 186 301134
117 247 371654
260 227 525476
100 114 262273
143 146 83288
233 209 529841
178 108 268221
201 160 832013
46 262 381899
146 202 785310
189 89 103784
24 69 626276
238 56 734221
270 164 949306
94 245 923841
243 109 728302
239 12 412619
253 144 474595
34 280 495110
228 86 36161
27 42 151616
199 66 550759
46 158 606987
280 38 945015
90 182 381554
213 120 535612
251 73 607465
13 285 561396
281 198 736106
183 245 929889
226 77 604404
16 119 878100
100 134 847488
289 167 815392
210 258 256520
99 14 915747
280 277 351197
22 78 475955
154 129 307812
105 144 773740
126 76 887102
103 141 566676
276 53 242238
136 233 28860
77 52 477525
281 90 666479
111 252 750039
175 9 348145
0 284 836880
63 284 798777
194 50 45860
176 215 838162
210 56 560839
137 252 922884
77 277 878494
11 211 893445
125 270 100667
163 3 7956
281 166 886973
99 100 191310
103 241 457830
198 140 281405
289 170 131916
141 30 5416
295 2 433191
51 287 999709
294 154 526460
156 117 424601
42 40 929999
166 105 523909
256 0 650911
147 265 35818
40 26 701554
294 102 60638
248 246 433715
165 43 600698
42 297 871920
82 2 678888
156 242 141172
68 27 278122
179 151 524761
53 235 439415
167 272 832908
98 194 46733
72 117 253179
176 104 780091
127 247 645468
257 276 34253
99 70 636869
262 68 143720
201 84 125510
67 262 790779
214 232 974915
280 254 975188
