102 200 0 101
0 1 1000000
1 101 1000000
0 2 1000000
2 101 1000000
0 3 1000000
3 101 1000000
0 4 1000000
4 101 1000000
0 5 1000000
5 101 1000000
0 6 1000000
6 101 1000000
0 7 1000000
7 101 1000000
0 8 1000000
8 101 1000000
0 9 1000000
9 101 1000000
0 10 1000000
10 101 1000000
0 11 1000000
11 101 1000000
0 12 1000000
12 101 1000000
0 13 1000000
13 101 1000000
0 14 1000000
14 101 1000000
0 15 1000000
15 101 1000000
0 16 1000000
16 101 1000000
0 17 1000000
17 101 1000000
0 18 1000000
18 101 1000000
0 19 1000000
19 101 1000000
0 20 1000000
20 101 1000000
0 21 1000000
21 101 1000000
0 22 1000000
22 101 1000000
0 23 1000000
23 101 1000000
0 24 1000000
24 101 1000000
0 25 1000000
25 101 1000000
0 26 1000000
26 101 1000000
0 27 1000000
27 101 1000000
0 28 1000000
28 101 1000000
0 29 1000000
29 101 1000000
0 30 1000000
30 101 1000000
0 31 1000000
31 101 1000000
0 32 1000000
32 101 1000000
0 33 1000000
33 101 1000000
0 34 1000000
34 101 1000000
0 35 1000000
35 101 1000000
0 36 1000000
36 101 1000000
0 37 1000000
37 101 1000000
0 38 1000000
38 101 1000000
0 39 1000000
39 101 1000000
0 40 1000000
40 101 1000000
0 41 1000000
41 101 1000000
0 42 1000000
42 101 1000000
0 43 1000000
43 101 1000000
0 44 1000000
44 101 1000000
0 45 1000000
45 101 1000000
0 46 1000000
46 101 1000000
0 47 1000000
47 101 1000000
0 48 1000000
48 101 1000000
0 49 1000000
49 101 1000000
0 50 1000000
50 101 1000000
0 51 1000000
51 101 1000000
0 52 1000000
52 101 1000000
0 53 1000000
53 101 1000000
0 54 1000000
54 101 1000000
0 55 1000000
55 101 1000000
0 56 1000000
56 101 1000000
0 57 1000000
57 101 1000000
0 58 1000000
58 101 1000000
0 59 1000000
59 101 1000000
0 60 1000000
60 101 1000000
0 61 1000000
61 101 1000000
0 62 1000000
62 101 1000000
0 63 1000000
63 101 1000000
0 64 1000000
64 101 1000000
0 65 1000000
65 101 1000000
0 66 1000000
66 101 1000000
0 67 1000000
67 101 1000000
0 68 1000000
68 101 1000000
0 69 1000000
69 101 1000000
0 70 1000000
70 101 1000000
0 71 1000000
71 101 1000000
0 72 1000000
72 101 1000000
0 73 1000000
73 101 1000000
0 74 1000000
74 101 1000000
0 75 1000000
75 101 1000000
0 76 1000000
76 101 1000000
0 77 1000000
77 101 1000000
0 78 1000000
78 101 1000000
0 79 1000000
79 101 1000000
0 80 1000000
80 101 1000000
0 81 1000000
81 101 1000000
0 82 1000000
82 101 1000000
0 83 1000000
83 101 1000000
0 84 1000000
84 101 1000000
0 85 1000000
85 101 1000000
0 86 1000000
86 101 1000000
0 87 1000000
87 101 1000000
0 88 1000000
88 101 1000000
0 89 1000000
89 101 1000000
0 90 1000000
90 101 1000000
0 91 1000000
91 101 1000000
0 92 1000000
92 101 1000000
0 93 1000000
93 101 1000000
0 94 1000000
94 101 1000000
0 95 1000000
95 101 1000000
0 96 1000000
96 101 1000000
0 97 1000000
97 101 1000000
0 98 1000000
98 101 1000000
0 99 1000000
99 101 1000000
0 100 1000000
100 101 1000000
