200 800 0 199
17 175 561070100
182 7 731143517
76 10 498687826
144 20 305702616
156 25 706109439
40 23 762059097
196 74 928990441
54 170 634419385
198 122 679678554
15 153 766204899
197 57 588810377
161 123 365792690
164 92 122840275
157 42 747306662
136 159 447525974
126 186 561403383
141 40 893149539
84 73 482556667
53 57 158198488
119 76 726928584
22 12 366652065
79 7 487761399
76 73 456752134
143 56 222284740
116 117 333743796
145 174 338754003
7 168 704426513
71 100 178606036
34 172 157351353
44 172 986482057
157 61 268381461
177 55 848207160
43 70 104598595
169 177 408798828
87 52 778817060
100 158 617977314
39 90 766934289
97 193 123189571
21 0 546041090
58 125 853961285
102 103 748064358
68 134 936837970
143 16 493326187
100 156 690957546
76 199 893484429
146 78 216308279
191 193 836367660
98 14 751862471
152 37 386729163
54 129 517739497
169 135 672252405
173 10 784981204
186 103 610619823
116 110 186380139
82 193 755301478
65 105 675425911
198 183 754912601
185 83 922477521
21 67 555307194
113 194 881505227
46 24 357053147
135 117 171399459
70 76 326684343
139 8 304305945
123 146 621857409
70 74 914780499
59 160 298513902
192 87 113640947
118 51 796107036
188 86 559160994
23 12 752502599
91 28 355058271
109 9 303398972
68 109 897240389
95 73 110556175
174 59 904284080
120 156 883542587
158 37 847489347
42 130 208119914
197 76 191212861
29 101 137527669
54 175 873105270
116 114 545578734
95 177 260014439
71 105 172129309
140 165 915929850
64 80 834623012
103 114 842607792
52 138 526706637
154 42 484420996
112 171 507843385
143 102 850089631
18 93 416463721
183 136 131973938
123 126 343897892
180 139 172822916
91 87 741386881
100 183 125069093
161 14 527562210
13 43 431334573
121 165 930498836
106 33 409392781
53 0 919259318
182 30 378214368
6 164 655556236
167 13 689576213
126 99 142408535
116 51 400741145
40 19 338027405
45 196 321021335
56 50 882795662
179 93 328985243
75 172 861338532
132 99 872195473
149 119 353342058
180 1 387516779
108 81 137129773
32 143 325891849
24 21 451242036
39 126 622714528
56 175 800703709
128 64 431320739
133 93 839293670
70 14 145214795
2 86 388469751
170 4 860617551
132 102 981905254
191 96 895380035
123 62 233302699
81 134 848951414
43 114 995512323
40 147 657253700
12 119 857929394
92 1 824711701
22 42 806342537
33 166 287933588
38 183 796918224
1 185 209254353
164 195 557851837
9 54 259730908
69 10 695487296
71 76 674128966
21 198 535806100
24 89 520181447
34 30 183012398
87 171 883121818
126 151 446452462
181 142 929597129
140 114 868943368
58 114 596480801
78 112 556723973
11 134 257799206
148 25 801468762
73 102 278217106
39 129 964929600
195 74 103410745
167 174 737093351
14 132 305687516
21 20 897765503
85 26 811721485
115 152 419975112
69 117 365841989
119 54 276326481
162 187 948098206
190 98 201501212
30 141 742724086
103 91 640348792
62 76 120042109
53 11 629158620
96 133 165521094
172 10 406454659
38 36 774518392
117 75 893204843
177 83 517432407
5 74 121229024
80 152 226411437
77 17 951903424
71 119 556874884
180 194 393444112
117 158 835345285
90 158 731858815
0 46 766466932
189 119 755974262
133 39 170560879
195 116 404633887
179 49 994852490
76 114 632715565
0 17 932380432
138 124 386583244
35 29 632675222
98 136 931044196
3 185 912455838
37 199 814894274
116 137 570646205
137 153 779102389
61 100 387245061
58 76 306977704
62 52 677790421
25 57 115187626
129 61 831113774
41 53 499971221
37 38 490540155
100 185 753613596
9 145 826599590
198 142 304926551
82 9 622279044
101 168 726739898
21 104 455379578
134 170 227692895
89 48 863143371
167 185 453392075
60 194 816378696
19 95 709980640
133 89 739529479
192 60 126125122
99 85 888552384
49 120 933391027
157 118 608082207
45 28 747816703
125 174 998525779
61 2 893148644
112 76 585526828
36 167 799253892
100 31 701772456
197 133 835057348
103 62 631385625
127 122 928012138
124 42 427116786
189 17 109106495
103 43 693437524
115 104 189001740
57 101 856191090
142 86 335452431
156 121 423482824
26 7 532257106
187 87 713829100
30 11 409595166
131 114 372637999
173 40 406002971
17 96 880482300
149 84 680832920
196 105 848653775
29 49 978841846
122 187 936150057
66 142 886178533
167 134 262717261
153 65 478194511
151 83 961050020
64 164 333642596
120 137 859636389
44 130 837024252
5 42 425184936
90 196 997930606
74 190 104498307
66 181 400027547
159 49 767265061
120 111 817433869
115 163 400074584
194 119 903663254
36 142 860406144
26 135 611849640
67 156 474140652
7 133 701585452
138 93 827670591
16 166 622588328
124 0 295058203
21 65 244002195
116 146 915537089
145 2 559036935
163 41 298099275
130 115 607517480
25 155 589112753
141 41 583023617
184 81 224177400
163 78 795515307
197 167 155075448
136 33 169346418
130 55 305019875
2 103 648312939
53 76 940598555
171 138 206150211
78 191 681944896
177 36 714796467
105 189 692389123
63 165 246022868
49 27 973021067
154 46 379986619
126 185 278088659
4 20 202173240
126 133 828975405
171 9 844334178
84 156 316467457
50 31 410535143
27 193 935995754
109 154 596150394
102 148 860121108
53 95 537084442
156 2 764306065
59 30 863678034
109 164 746921747
175 103 693145802
183 62 232875720
98 77 981041252
28 16 886747437
117 16 842045069
45 117 870180290
149 108 243077952
182 78 949059949
182 177 291698840
62 154 525200378
91 174 798136311
46 176 976395140
38 6 823130374
20 10 835084104
67 153 620981556
57 151 194019112
80 81 299270732
9 130 921353141
153 59 650513140
32 10 539067994
61 69 925942841
98 72 791554566
128 36 323675977
172 51 975875306
140 117 443518986
169 161 808184655
10 126 155977470
59 150 587680738
181 103 543449984
90 54 156199670
71 143 133583914
109 32 288023856
28 7 792589524
171 190 312577611
53 13 231714563
41 148 234936792
110 143 113257016
106 36 197669521
151 84 985559320
56 29 494342955
38 144 903530250
184 55 623614188
143 174 792726056
47 133 408081075
156 125 239136941
109 133 211689513
103 174 672933437
30 54 949080767
15 169 533763445
9 80 175632482
186 60 209639291
69 56 227836519
45 163 731024199
71 159 632980516
37 0 823853756
75 121 389592122
52 171 270177118
137 12 870789262
166 111 509375843
94 63 719932489
8 193 262847484
34 11 113853036
71 142 815734538
71 97 259149237
174 108 124720273
133 162 897425382
91 12 391133904
190 196 394814958
31 41 469471098
175 117 937630972
73 125 609332364
5 32 727733841
69 41 650199145
54 179 136885598
101 52 623852021
129 15 874003636
163 196 307416316
185 125 687534522
164 64 811787924
119 98 148589770
9 39 433324805
92 153 869516029
190 9 194157819
109 172 531097631
15 46 343630533
85 174 804352661
42 189 527753048
91 83 851381136
39 84 194670622
88 36 116485474
113 97 365203958
9 178 264062622
121 158 896201683
158 172 775248331
55 61 161091121
32 175 986553879
129 27 636397484
62 26 630596738
138 56 497910982
95 135 822044489
140 120 1
10 194 774474267
61 140 372433236
8 35 303069235
79 64 481749003
11 153 337056134
10 44 905351945
169 109 806875937
162 176 208963746
196 198 608445007
158 92 299638414
142 109 879108486
29 16 705169558
3 181 789221772
11 59 914614460
151 87 497068783
155 174 281690959
43 82 273904294
92 154 761592625
128 188 613871586
155 24 205432483
21 117 709523805
162 49 728373687
0 138 620760166
120 191 529592073
123 114 231737538
46 159 707588005
126 86 476034495
0 59 646837341
109 143 204351884
58 28 632523086
59 159 593946735
160 130 530984711
97 80 161473928
133 111 604876504
2 140 294597785
90 4 898091412
18 42 157871749
141 16 797357606
141 93 554401699
182 77 990680161
176 47 165587880
68 74 912980957
159 135 683046003
17 192 895512561
106 11 103524756
32 163 584113066
73 171 387982445
197 131 180911364
28 47 465512665
113 174 692941923
81 84 741257271
131 46 175853417
163 162 171399872
9 81 796567068
142 114 110911586
3 127 274401855
86 63 185220526
39 79 750094967
70 159 518320942
78 124 505639305
21 78 172092660
142 179 395711023
135 40 483841767
8 76 566508402
173 176 397244671
91 114 124850226
66 82 456939510
61 62 750046552
25 111 800924038
56 142 913035824
109 183 750450149
41 137 666926627
197 124 214342912
152 130 589802198
149 60 442723894
25 7 637655394
63 164 783052198
121 9 832246129
180 75 414583562
93 38 641864563
167 108 737236642
28 31 702856832
150 28 423116768
22 4 153376585
94 48 932808112
77 53 761389388
172 38 672919392
32 90 545285935
87 177 291972154
1 127 718624674
100 131 618257010
188 95 600971334
100 146 137351997
144 87 701155699
36 80 778650407
97 54 902744063
54 38 697512341
59 68 285026664
15 150 298954503
12 20 402738737
50 93 307722493
83 31 471496621
18 40 770991645
124 87 245286168
148 114 963383380
60 122 534654419
87 174 111101856
161 57 249080197
100 178 306295397
28 196 771211095
33 194 876934510
167 104 179775984
182 47 563478405
167 78 253743913
155 193 145894449
132 188 288292537
60 198 721600925
26 122 767159101
194 8 102470596
77 177 653293030
36 1 455434159
64 177 997225645
129 68 566609591
30 161 555868802
197 123 737715405
31 170 235490906
155 152 126837834
161 159 321746669
24 193 680749565
10 139 321639826
134 125 662305246
77 103 137493634
191 97 443163675
193 59 617344721
185 130 906802479
80 8 242238296
88 138 329543746
70 176 187068917
53 82 159522156
97 143 757244432
82 79 139936601
39 166 309234765
131 86 680704012
129 182 199451998
192 27 556293557
125 116 424227813
132 131 135159861
93 64 886963934
6 4 546803214
165 37 864293128
42 25 532520025
145 1 697821687
66 154 736012731
84 51 609724008
38 196 377020723
63 47 161670312
106 82 335948018
93 172 572017232
107 189 206348532
22 196 139844621
166 88 754482581
77 193 218330910
115 153 295336775
22 68 809299266
46 189 349531028
95 102 624186424
57 124 436740932
151 73 148332702
159 161 100656802
141 94 339621815
43 112 801288354
92 39 744317390
65 46 139340592
0 35 122119920
123 125 709252390
152 97 459667915
34 63 269903951
71 39 143798805
187 109 685335415
77 174 767060849
195 13 809991504
110 116 190558320
77 109 220868392
104 113 868987006
97 167 293909320
172 25 383409664
90 17 939539108
74 43 803564596
87 85 632661714
58 36 874390983
48 78 372063608
189 115 451365549
29 19 413898351
69 97 421025550
184 172 943319863
55 4 565813794
165 187 164930732
124 164 618922812
0 55 808435704
188 125 661508441
55 69 988173533
42 113 225008942
75 56 154187740
11 114 807457464
147 54 137513417
88 141 462482380
175 81 251305802
191 73 355576659
173 48 475581755
123 15 768698330
114 146 785470620
17 143 996517890
97 34 820896902
44 0 614638157
23 87 464205704
157 69 626801986
33 90 187369426
142 174 670257359
69 139 639075490
101 3 400666816
109 53 326545171
57 6 374410205
152 0 785408583
13 94 819654053
194 141 603196971
113 85 923049029
60 147 399731350
153 60 553610227
60 61 282420489
152 199 913760868
139 19 781820346
104 198 150673997
11 84 341369194
151 14 639264838
124 61 320975048
153 98 853818575
178 36 903009652
164 62 354618893
140 196 138599680
145 135 375740354
79 113 866396464
140 144 425691872
110 100 684590906
96 112 980594694
57 20 776632361
125 197 815658586
36 15 334188416
83 166 420372902
196 78 639383004
1 145 157593260
25 102 334719019
50 112 497846751
153 79 421856160
52 132 976897152
142 141 423304274
69 78 950868480
199 26 896566362
198 97 798436853
10 53 510217694
195 184 681596532
153 132 334123003
147 71 585152298
47 158 838258059
140 64 157545885
114 61 120324890
50 10 299537121
175 141 538397667
174 195 941423520
0 112 120009414
46 77 427396596
1 93 899505873
59 185 412968609
62 168 551179167
43 147 385415015
49 127 627532775
129 136 779367490
155 9 778745893
144 32 304794643
77 144 594148946
49 191 165500042
13 155 204414247
143 59 443651273
7 137 109556499
66 107 521295445
96 97 502336699
96 65 158227109
43 169 902661922
117 161 394838347
136 199 576893331
198 147 689197930
29 198 162144689
9 99 418975003
118 116 134810349
199 22 450535895
97 187 533360753
6 198 547753673
102 101 698686008
194 19 319271849
134 182 583022398
120 148 808207014
164 48 436301115
61 77 896616912
28 99 172117054
1 167 440516936
49 135 723605218
4 23 556085905
119 7 826732361
37 85 601623854
132 145 182651394
171 48 743223920
133 24 384081943
97 48 853041995
178 112 986578865
36 67 341359331
38 174 436921705
19 103 119201368
33 82 140189850
187 70 700101894
52 187 236141585
118 191 826143666
175 111 568115290
166 192 314595333
112 131 185117854
5 57 732474214
46 22 814944274
78 0 421107464
97 95 599475715
6 44 165349431
129 119 875807974
164 69 932986092
111 136 120323513
13 80 610432693
37 147 223544353
60 157 859116802
17 36 626913117
189 153 401812301
105 100 555549227
22 130 669661901
69 187 804177254
128 61 251283794
120 178 856827957
194 66 914253152
139 157 225959115
104 95 371181619
136 43 297541014
103 86 591490120
169 1 275854211
4 179 928771185
114 175 784346715
193 171 284821319
82 190 456129764
126 43 158241038
135 164 921358211
111 106 260393698
98 13 207356986
198 103 636357481
22 48 902046180
199 133 104294274
105 197 782118989
170 82 595969595
28 139 737017109
48 91 929820396
42 62 691831847
93 146 529459376
186 160 331410669
151 111 795383721
48 58 285858747
150 57 449178608
107 7 423256910
162 193 808542444
141 80 279118006
150 130 223775311
132 11 524931673
65 171 754074222
35 78 344687049
0 65 296415465
109 124 728194333
170 152 888716040
150 40 734738326
68 156 313626730
152 42 312513153
198 182 584846178
165 139 929812980
168 8 854869786
41 52 619622091
69 148 122332304
174 173 589594567
11 24 699042288
148 174 106892961
175 29 106334866
197 187 671217799
67 138 878082325
181 32 652480446
29 69 473109799
134 60 973809307
64 163 600453103
80 189 202713610
181 108 376529187
178 197 425414966
