1002 2000 0 1001
0 1 80486914
1 1001 860218696
0 2 159958019
2 1001 320104773
0 3 240442884
3 1001 995923270
0 4 319916037
4 1001 990593347
0 5 400402950
5 1001 666409796
0 6 479869959
6 1001 126299969
0 7 560354824
7 1001 802118466
0 8 639832073
8 1001 217468239
0 9 720318986
9 1001 893284688
0 10 799790091
10 1001 353170765
0 11 880274956
11 1001 28989262
0 12 959739917
12 1001 23667531
0 13 40226830
13 1001 699483980
0 14 119693839
14 1001 159374153
0 15 200178704
15 1001 835192650
0 16 21966420
16 1001 119127476
0 17 634609747
17 1001 199614387
0 18 181922386
18 1001 830715314
0 19 794567761
19 1001 911200177
0 20 341882456
20 1001 925322680
0 21 954525783
21 1001 5809591
0 22 501834326
22 1001 636906422
0 23 114479701
23 1001 717391285
0 24 661798492
24 1001 152193468
0 25 274441819
25 1001 232680379
0 26 821754458
26 1001 863781306
0 27 434399833
27 1001 944266169
0 28 981706336
28 1001 958396864
0 29 594349663
29 1001 38883775
0 30 141658206
30 1001 669980606
0 31 754303581
31 1001 750465469
0 32 43932839
32 1001 619855329
0 33 431778984
33 1001 232498658
0 34 268138149
34 1001 331441123
0 35 655982246
35 1001 944086500
0 36 363844771
36 1001 426050533
0 37 751690916
37 1001 38693862
0 38 588054177
38 1001 137632231
0 39 975898274
39 1001 750277608
0 40 683764911
40 1001 652921321
0 41 71611056
41 1001 265564650
0 42 907970221
42 1001 364507115
0 43 295814318
43 1001 977152492
0 44 3668651
44 1001 459124717
0 45 391514796
45 1001 71768046
0 46 227878057
46 1001 170706415
0 47 615722154
47 1001 783351792
0 48 187992310
48 1001 411465818
0 49 863808757
49 1001 799311961
0 50 412195576
50 1001 675548252
0 51 88014071
51 1001 63392347
0 52 507904242
52 1001 346430046
0 53 183720689
53 1001 734276189
0 54 732111604
54 1001 610516576
0 55 407930099
55 1001 998360671
0 56 827824382
56 1001 444539986
0 57 503640829
57 1001 832386129
0 58 52027648
58 1001 708622420
0 59 727846143
59 1001 96466515
0 60 147728122
60 1001 379496022
0 61 823544569
61 1001 767342165
0 62 371935484
62 1001 643582552
0 63 47753979
63 1001 31426647
0 64 791882573
64 1001 34286603
0 65 872369486
65 1001 710103052
0 66 568590671
66 1001 298366985
0 67 649075536
67 1001 974185482
0 68 240293193
68 1001 969250831
0 69 320780106
69 1001 645067280
0 70 16997195
70 1001 233335309
0 71 97482060
71 1001 909153806
0 72 431706437
72 1001 67360771
0 73 512193350
73 1001 743177220
0 74 208414535
74 1001 331441153
0 75 288899400
75 1001 7259650
0 76 880125249
76 1001 2316807
0 77 960612162
77 1001 678133256
0 78 656829251
78 1001 266401285
0 79 737314116
79 1001 942219782
0 80 813848864
80 1001 724760320
0 81 426492191
81 1001 805247231
0 82 590554910
82 1001 53229310
0 83 203200285
83 1001 133714173
0 84 262259484
84 1001 659728636
0 85 874902811
85 1001 740215547
0 86 38961434
86 1001 988193530
0 87 651606809
87 1001 68678393
0 88 453672728
88 1001 757834488
0 89 66316055
89 1001 838321399
0 90 230378774
90 1001 86303478
0 91 843024149
91 1001 166788341
0 92 902091540
92 1001 692794612
0 93 514734867
93 1001 773281523
0 94 678793490
94 1001 21259506
0 95 291438865
95 1001 101744369
0 96 79935979
96 1001 225488045
0 97 467782124
97 1001 838131374
0 98 432650217
98 1001 553954991
0 99 820494314
99 1001 166600368
0 100 528342511
100 1001 160456361
0 101 916188656
101 1001 773099690
0 102 881060845
102 1001 488919211
0 103 268904942
103 1001 101564588
0 104 719759843
104 1001 258562213
0 105 107605988
105 1001 871205542
0 106 72474081
106 1001 587029159
0 107 460318178
107 1001 199674536
0 108 168174567
108 1001 193522337
0 109 556020712
109 1001 806165666
0 110 520892901
110 1001 521985187
0 111 908736998
111 1001 134630564
0 112 223995322
112 1001 121681294
0 113 899811769
113 1001 375308685
0 114 576707516
114 1001 257385872
0 115 252526011
115 1001 511011215
0 116 672401854
116 1001 161634698
0 117 348218301
117 1001 415262089
0 118 25118144
118 1001 297343372
0 119 700936639
119 1001 550968715
0 120 863819186
120 1001 458804614
0 121 539635633
121 1001 712432005
0 122 216531380
122 1001 594509192
0 123 892349875
123 1001 848134535
0 124 312233910
124 1001 498766210
0 125 988050357
125 1001 752393601
0 126 664950200
126 1001 634474884
0 127 340768695
127 1001 888100227
0 128 583765145
128 1001 744502239
0 129 530033306
129 1001 286099936
0 130 743723163
130 1001 880204765
0 131 689989276
131 1001 421804510
0 132 137181341
132 1001 784455643
0 133 83449502
133 1001 326053340
0 134 297135263
134 1001 920162265
0 135 243401376
135 1001 461762010
0 136 480586385
136 1001 81625559
0 137 426854546
137 1001 623223256
0 138 640544403
138 1001 217328085
0 139 586810516
139 1001 758927830
0 140 33994389
140 1001 121587155
0 141 980262550
141 1001 663184852
0 142 193948311
142 1001 257293777
0 143 140214424
143 1001 798893522
0 144 605731532
144 1001 679227180
0 145 84156107
145 1001 625495339
0 146 765687498
146 1001 390815018
0 147 244114121
147 1001 337081129
0 148 159147728
148 1001 719184688
0 149 637572303
149 1001 665452847
0 150 319099598
150 1001 430768430
0 151 797526221
151 1001 377034541
0 152 502552772
152 1001 16350500
0 153 980977347
153 1001 962618659
0 154 662508738
154 1001 727938338
0 155 140935361
155 1001 674204449
0 156 55960776
156 1001 56316200
0 157 534385351
157 1001 2584359
0 158 215912646
158 1001 767899942
0 159 694339269
159 1001 714166053
0 160 627697727
160 1001 179955065
0 161 881325120
161 1001 658379642
0 162 851903037
162 1001 891540859
0 163 105528382
163 1001 369967484
0 164 181109819
164 1001 219912573
0 165 434737212
165 1001 698337150
0 166 405319225
166 1001 931494271
0 167 658944570
167 1001 409920896
0 168 524518967
168 1001 517078385
0 169 778146360
169 1001 995502962
0 170 748724277
170 1001 228664179
0 171 2349622
171 1001 707090804
0 172 77922867
172 1001 557044085
0 173 331550260
173 1001 35468662
0 174 302132273
174 1001 268625783
0 175 555757618
175 1001 747052408
0 176 771757166
176 1001 460069058
0 177 313354861
177 1001 713696449
0 178 995960432
178 1001 724151492
0 179 537560175
179 1001 977776835
0 180 325169258
180 1001 651788998
0 181 866766953
181 1001 905416389
0 182 549376620
182 1001 915875528
0 183 90976363
183 1001 169500871
0 184 668578406
184 1001 797200586
0 185 210176101
185 1001 50827977
0 186 892781672
186 1001 61283020
0 187 434381415
187 1001 314908363
0 188 221982306
188 1001 988912334
0 189 763580001
189 1001 242539725
0 190 446189668
190 1001 252998864
0 191 987789411
191 1001 506624207
0 192 863888853
192 1001 82889875
0 193 810157014
193 1001 624487572
0 194 640596951
194 1001 346970257
0 195 586863064
195 1001 888570002
0 196 569317329
196 1001 274609815
0 197 515585490
197 1001 816207512
0 198 346021331
198 1001 538694293
0 199 292287444
199 1001 80294038
0 200 760701917
200 1001 420021403
0 201 706970078
201 1001 961619100
0 202 537410015
202 1001 684101785
0 203 483676128
203 1001 225701530
0 204 466138585
204 1001 611733151
0 205 412406746
205 1001 153330848
0 206 242842587
206 1001 875817629
0 207 189108700
207 1001 417417374
0 208 885855112
208 1001 773363304
0 209 364279687
209 1001 719631463
0 210 662561158
210 1001 101832294
0 211 140987781
211 1001 48098405
0 212 591283588
212 1001 965087332
0 213 69708163
213 1001 911355491
0 214 367985538
214 1001 293552226
0 215 846412161
215 1001 239818337
0 216 782668176
216 1001 110494832
0 217 261092751
217 1001 56762991
0 218 559374222
218 1001 438963822
0 219 37800845
219 1001 385229933
0 220 488104844
220 1001 302210668
0 221 966529419
221 1001 248478827
0 222 264806794
222 1001 630675562
0 223 743233417
223 1001 576941673
0 224 151942003
224 1001 274091061
0 225 405569396
225 1001 752515638
0 226 504656241
226 1001 602558007
0 227 758281586
227 1001 80984632
0 228 857366391
228 1001 465815089
0 229 110993784
229 1001 944239666
0 230 210084725
230 1001 794277939
0 231 463710070
231 1001 272704564
0 232 48755067
232 1001 611222589
0 233 302382460
233 1001 89647166
0 234 401469305
234 1001 939689535
0 235 655094650
235 1001 418116160
0 236 754187647
236 1001 802938425
0 237 7815040
237 1001 281363002
0 238 106905981
238 1001 131401275
0 239 360531326
239 1001 609827900
0 240 296001314
240 1001 406226667
0 241 837599009
241 1001 927801068
0 242 648713508
242 1001 77759721
0 243 190313251
243 1001 599332074
0 244 1425702
244 1001 214510831
0 245 543023397
245 1001 736085232
0 246 354141992
246 1001 886047981
0 247 895741735
247 1001 407620334
0 248 192814378
248 1001 92375267
0 249 734412073
249 1001 613949668
0 250 545526572
250 1001 763908321
0 251 87126315
251 1001 285480674
0 252 898246958
252 1001 900651239
0 253 439844653
253 1001 422225640
0 254 250963248
254 1001 572188389
0 255 792562991
255 1001 93760742
0 256 167530258
256 1001 217420986
0 257 503837457
257 1001 271151801
0 258 59050772
258 1001 888951996
0 259 395360019
259 1001 942684859
0 260 487446294
260 1001 25705150
0 261 823753493
261 1001 79435965
0 262 378962712
262 1001 697240256
0 263 715271959
263 1001 750973119
0 264 274362650
264 1001 903569586
0 265 610669849
265 1001 957300401
0 266 165883164
266 1001 575100596
0 267 502192411
267 1001 628833459
0 268 594270494
268 1001 711845558
0 269 930577693
269 1001 765576373
0 270 485786912
270 1001 383380664
0 271 822096159
271 1001 437113527
0 272 703472963
272 1001 635355725
0 273 571940676
273 1001 93757006
0 274 594995521
274 1001 371275343
0 275 463461186
275 1001 829674576
0 276 23388999
276 1001 443643977
0 277 891856712
277 1001 902045258
0 278 914907461
278 1001 179559499
0 279 783373126
279 1001 637958732
0 280 810305355
280 1001 321504325
0 281 678773068
281 1001 779905606
0 282 701827913
282 1001 57423943
0 283 570293578
283 1001 515823176
0 284 130213199
284 1001 129784385
0 285 998680912
285 1001 588185666
0 286 21731661
286 1001 865699907
0 287 890197326
287 1001 324099140
0 288 211463096
288 1001 568643104
0 289 855129527
289 1001 315014687
0 290 167230902
290 1001 304560670
0 291 810899381
291 1001 50934301
0 292 531375028
292 1001 376931356
0 293 175041459
293 1001 123302939
0 294 487146930
294 1001 112844826
0 295 130815409
295 1001 859218457
0 296 318295488
296 1001 254791704
0 297 961961919
297 1001 1163287
0 298 274063294
298 1001 990709270
0 299 917731773
299 1001 737082901
0 300 638199228
300 1001 63071764
0 301 281865659
301 1001 809443347
0 302 593971130
302 1001 798985234
0 303 237639609
303 1001 545358865
0 304 869498853
304 1001 424515495
0 305 801139686
305 1001 946089896
0 306 825268711
306 1001 712929701
0 307 756907496
307 1001 234502054
0 308 189410785
308 1001 384549795
0 309 121051618
309 1001 906124196
0 310 145184739
310 1001 672968097
0 311 76823524
311 1001 194540450
0 312 976331245
312 1001 110655919
0 313 907972078
313 1001 632230320
0 314 932101103
314 1001 399070125
0 315 863739888
315 1001 920642478
0 316 296234985
316 1001 70698411
0 317 227875818
317 1001 592272812
0 318 252008939
318 1001 359116713
0 319 183647724
319 1001 880689066
0 320 959412318
320 1001 235709942
0 321 295719517
321 1001 289440757
0 322 467682912
322 1001 524122104
0 323 803992159
323 1001 577854967
0 324 407822938
324 1001 195744242
0 325 744130137
325 1001 249475057
0 326 916089436
326 1001 484160500
0 327 252398683
327 1001 537893363
0 328 66236502
328 1001 921850366
0 329 402543701
329 1001 975581181
0 330 574507096
330 1001 210262528
0 331 910816343
331 1001 263995391
0 332 514655314
332 1001 881892858
0 333 850962513
333 1001 935623673
0 334 22921812
334 1001 170309116
0 335 359231059
335 1001 224041979
0 336 495354895
336 1001 897896193
0 337 363822608
337 1001 356297474
0 338 3627533
338 1001 762193667
0 339 872093198
339 1001 220592900
0 340 943765515
340 1001 857934597
0 341 812233228
341 1001 316335878
0 342 452034057
342 1001 722227975
0 343 320499722
343 1001 180627208
0 344 602179079
344 1001 584036617
0 345 470646792
345 1001 42437898
0 346 110451717
346 1001 448334091
0 347 978917382
347 1001 906733324
0 348 50597891
348 1001 544083213
0 349 919065604
349 1001 2484494
0 350 558866433
350 1001 408376591
0 351 427332098
351 1001 866775824
0 352 247465724
352 1001 831183700
0 353 891132155
353 1001 577555283
0 354 331742458
354 1001 695479122
0 355 975410937
355 1001 441852753
0 356 695872256
356 1001 791222104
0 357 339538687
357 1001 537593687
0 358 780153086
358 1001 655513430
0 359 423821565
359 1001 401887061
0 360 354289908
360 1001 517324124
0 361 997956339
361 1001 263695707
0 362 438566642
362 1001 381619546
0 363 82235121
363 1001 127993177
0 364 802704632
364 1001 477370720
0 365 446371063
365 1001 223742303
0 366 886985462
366 1001 341662046
0 367 530653941
367 1001 88035677
0 368 905501353
368 1001 106011763
0 369 837142186
369 1001 493369460
0 370 989780139
370 1001 777544817
0 371 921418924
371 1001 164900466
0 372 353907885
372 1001 171051639
0 373 285548718
373 1001 558409336
0 374 438190767
374 1001 842588789
0 375 369829552
375 1001 229944438
0 376 12325537
376 1001 49673851
0 377 943966370
377 1001 437031548
0 378 96604323
378 1001 721206905
0 379 28243108
379 1001 108562554
0 380 460740261
380 1001 114705535
0 381 392381094
381 1001 502063232
0 382 545023143
382 1001 786242685
0 383 476661928
383 1001 173598334
0 384 727777674
384 1001 917206050
0 385 929866121
385 1001 836720161
0 386 619298188
386 1001 588737060
0 387 821388683
387 1001 508253219
0 388 281193870
388 1001 982245926
0 389 483282317
389 1001 901760037
0 390 172710288
390 1001 653781032
0 391 374800783
391 1001 573297191
0 392 138634626
392 1001 860868138
0 393 340723073
393 1001 780382249
0 394 30155140
394 1001 532399148
0 395 232245635
395 1001 451915307
0 396 692042630
396 1001 925899822
0 397 894131077
397 1001 845413933
0 398 583559048
398 1001 597434928
0 399 785649543
399 1001 516951087
0 400 263720411
400 1001 335141077
0 401 997969372
401 1001 659325654
0 402 155242969
402 1001 71060695
0 403 889489882
403 1001 395243224
0 404 817136607
404 1001 400185041
0 405 551385568
405 1001 724369618
0 406 708655069
406 1001 136100563
0 407 442901982
407 1001 460283092
0 408 674577363
408 1001 278803165
0 409 408826324
409 1001 602987742
0 410 566099921
410 1001 14722783
0 411 300346834
411 1001 338905312
0 412 227985367
412 1001 343838937
0 413 962234328
413 1001 668023514
0 414 119503829
414 1001 79754459
0 415 853750742
415 1001 403936988
0 416 771710256
416 1001 268428424
0 417 281157935
417 1001 880583303
0 418 727478062
418 1001 4345990
0 419 236927789
419 1001 616502917
0 420 325122348
420 1001 333472388
0 421 834570027
421 1001 945627267
0 422 280894250
422 1001 69385858
0 423 790343977
423 1001 681542785
0 424 182567208
424 1001 212090512
0 425 692014887
425 1001 824245391
0 426 138335014
426 1001 948008078
0 427 647784741
427 1001 560165005
0 428 735971108
428 1001 277126284
0 429 245418787
429 1001 889281163
0 430 691743010
430 1001 13039754
0 431 201192737
431 1001 625196681
0 432 429746045
432 1001 635797311
0 433 227168126
433 1001 23155008
0 434 385515903
434 1001 924211517
0 435 182935936
435 1001 311567166
0 436 983158137
436 1001 829593915
0 437 780580218
437 1001 216951612
0 438 938932091
438 1001 118012217
0 439 736352124
439 1001 505367866
0 440 840602997
440 1001 579451191
0 441 638025078
441 1001 966808888
0 442 796372855
442 1001 867865397
0 443 593792888
443 1001 255221046
0 444 394006897
444 1001 773255987
0 445 191428978
445 1001 160613684
0 446 349780851
446 1001 61674289
0 447 147200884
447 1001 449029938
0 448 7900870
448 1001 446991726
0 449 209989317
449 1001 366505837
0 450 516171464
450 1001 735403888
0 451 718261959
451 1001 654920047
0 452 713329346
452 1001 640788330
0 453 915417793
453 1001 560302441
0 454 221595844
454 1001 929204588
0 455 423686339
455 1001 848720747
0 456 418749646
456 1001 390645606
0 457 620838093
457 1001 310159717
0 458 927020240
458 1001 679057768
0 459 129110735
459 1001 598573927
0 460 124186314
460 1001 584450402
0 461 326274761
461 1001 503964513
0 462 632452812
462 1001 872866660
0 463 834543307
463 1001 792382819
0 464 543843479
464 1001 109178265
0 465 278092440
465 1001 433362842
0 466 52116117
466 1001 973475739
0 467 786363030
467 1001 297658268
0 468 249271955
468 1001 302978973
0 469 983520916
469 1001 627163550
0 470 757540497
470 1001 167272351
0 471 491787410
471 1001 491454880
0 472 954692255
472 1001 52832145
0 473 688941216
473 1001 377016722
0 474 462964893
474 1001 917129619
0 475 197211806
475 1001 241312148
0 476 660128923
476 1001 246641045
0 477 394377884
477 1001 570825622
0 478 168397465
478 1001 110934423
0 479 902644378
479 1001 435116952
0 480 295954020
480 1001 42465740
0 481 805401699
481 1001 654620619
0 482 380230754
482 1001 906761162
0 483 889680481
483 1001 518918089
0 484 1378408
484 1001 236266448
0 485 510826087
485 1001 848421327
0 486 85659238
486 1001 100557774
0 487 595108965
487 1001 712714701
0 488 706802796
488 1001 986119620
0 489 216250475
489 1001 598274499
0 490 791079530
490 1001 850415042
0 491 300529257
491 1001 462571969
0 492 412235376
492 1001 179928520
0 493 921683055
493 1001 792083399
0 494 496516206
494 1001 44219846
0 495 5965933
495 1001 656376773
0 496 953989681
496 1001 479382524
0 497 751411762
497 1001 745132539
0 498 38268467
498 1001 882478074
0 499 835688500
499 1001 148230137
0 500 659414069
500 1001 287666688
0 501 456836150
501 1001 553416703
0 502 743696951
502 1001 690766334
0 503 541116984
503 1001 956518397
0 504 364838457
504 1001 633055732
0 505 162260538
505 1001 898805747
0 506 449117243
506 1001 36151282
0 507 246537276
507 1001 301903345
0 508 70271037
508 1001 441331704
0 509 867693118
509 1001 707081719
0 510 154553919
510 1001 844431350
0 511 951973952
511 1001 110183413
0 512 335060515
512 1001 897575337
0 513 536590884
513 1001 695485866
0 514 6593569
514 1001 300672939
0 515 208121890
515 1001 98581420
0 516 118101543
516 1001 705859501
0 517 319631912
517 1001 503770030
0 518 789638693
518 1001 108961199
0 519 991167014
519 1001 906869680
0 520 974892587
520 1001 51248545
0 521 176422956
521 1001 849159074
0 522 646425641
522 1001 454346147
0 523 847953962
523 1001 252254628
0 524 757925423
524 1001 859524517
0 525 959455792
525 1001 657435046
0 526 429462573
526 1001 262626215
0 527 630990894
527 1001 60534696
0 528 413120626
528 1001 708511582
0 529 902621297
529 1001 911088477
0 530 84651636
530 1001 175993696
0 531 574154355
531 1001 378572639
0 532 196161654
532 1001 516799834
0 533 685662325
533 1001 719376729
0 534 867696760
534 1001 984277852
0 535 357199479
535 1001 186856795
0 536 52952698
536 1001 862184790
0 537 542453369
537 1001 64761685
0 538 724483708
538 1001 329666904
0 539 213986427
539 1001 532245847
0 540 835985534
540 1001 670464850
0 541 325486205
541 1001 873041745
0 542 507520640
542 1001 137942868
0 543 997023359
543 1001 340521811
0 544 406945925
544 1001 248797455
0 545 673746566
545 1001 739348752
0 546 142865543
546 1001 716281613
0 547 409664136
547 1001 206830862
0 548 189991041
548 1001 57085707
0 549 456791682
549 1001 547637004
0 550 925906563
550 1001 524565769
0 551 192705156
551 1001 15115018
0 552 46777997
552 1001 402470663
0 553 313578638
553 1001 893021960
0 554 782697615
554 1001 869954821
0 555 49496208
555 1001 360504070
0 556 829814921
556 1001 210750723
0 557 96615562
557 1001 701302020
0 558 565730443
558 1001 678230785
0 559 832529036
559 1001 168780034
0 560 362912984
560 1001 497670840
0 561 161870039
561 1001 763420855
0 562 98830550
562 1001 517647542
0 563 897789653
563 1001 783399605
0 564 145958100
564 1001 457705140
0 565 944915155
565 1001 723455155
0 566 881871570
566 1001 477685938
0 567 680830673
567 1001 743438001
0 568 2745056
568 1001 651335872
0 569 801702111
569 1001 917085887
0 570 738662622
570 1001 671312574
0 571 537621725
571 1001 937064637
0 572 785781980
572 1001 611378364
0 573 584739035
573 1001 877128379
0 574 521695450
574 1001 631359162
0 575 320654553
575 1001 897111225
0 576 126877551
576 1001 915863781
0 577 328407920
577 1001 713774310
0 578 415291757
578 1001 935842535
0 579 616820078
579 1001 733751016
0 580 38413163
580 1001 875898081
0 581 239943532
581 1001 673808610
0 582 326831465
582 1001 895880931
0 583 528359786
583 1001 693789412
0 584 766701415
584 1001 69528813
0 585 968231784
585 1001 867439342
0 586 55115621
586 1001 89507567
0 587 256643942
587 1001 887416048
0 588 678245219
588 1001 29571305
0 589 879775588
589 1001 827481834
0 590 966663521
590 1001 49554155
0 591 168191842
591 1001 847462636
0 592 204937534
592 1001 971051538
0 593 694438205
593 1001 173628433
0 594 493349696
594 1001 566911508
0 595 982852415
595 1001 769490451
0 596 116473146
596 1001 931089942
0 597 605973817
597 1001 133666837
0 598 404889404
598 1001 526945816
0 599 894392123
599 1001 729524759
0 600 844761398
600 1001 124716570
0 601 334262069
601 1001 327293465
0 602 133173560
602 1001 720576540
0 603 622676279
603 1001 923155483
0 604 756305202
604 1001 84763166
0 605 245805873
605 1001 287340061
0 606 44721460
606 1001 680619040
0 607 534224179
607 1001 883197983
0 608 443014601
608 1001 511337539
0 609 709815242
609 1001 1888836
0 610 307312075
610 1001 107199553
0 611 574110668
611 1001 597748802
0 612 354554317
612 1001 471375943
0 613 621354958
613 1001 961927240
0 614 218847695
614 1001 67233861
0 615 485646288
615 1001 557783110
0 616 82838465
616 1001 665002571
0 617 349639106
617 1001 155553868
0 618 947135939
618 1001 260864585
0 619 213934532
619 1001 751413834
0 620 994386373
620 1001 625049167
0 621 261187014
621 1001 115600464
0 622 858679751
622 1001 220907085
0 623 125478344
623 1001 711456334
0 624 398981532
624 1001 156174180
0 625 197938587
625 1001 287707491
0 626 263276954
626 1001 559269730
0 627 62236057
627 1001 690805089
0 628 310521248
628 1001 221214056
0 629 109478303
629 1001 352747367
0 630 174812574
630 1001 624313702
0 631 973771677
631 1001 755849061
0 632 38805396
632 1001 613347692
0 633 837762451
633 1001 744881003
0 634 903100818
634 1001 16443242
0 635 702059921
635 1001 147978601
0 636 950353304
636 1001 678379376
0 637 749310359
637 1001 809912687
0 638 814644630
638 1001 81479022
0 639 613603733
639 1001 213014381
0 640 918824635
640 1001 574367025
0 641 986138300
641 1001 238060850
0 642 590357689
642 1001 977464627
0 643 657669306
643 1001 641156404
0 644 935365823
644 1001 639406901
0 645 2679488
645 1001 303100726
0 646 606902973
646 1001 42508599
0 647 674214590
647 1001 706200376
0 648 815645875
648 1001 31540537
0 649 882959540
649 1001 695234362
0 650 487178929
650 1001 434638139
0 651 554490546
651 1001 98329916
0 652 832178871
652 1001 96572221
0 653 899492536
653 1001 760266046
0 654 503716021
654 1001 499673919
0 655 571027638
655 1001 163365696
0 656 996884714
656 1001 385303494
0 657 352168681
657 1001 453663685
0 658 668415724
658 1001 852785608
0 659 23701739
659 1001 921147847
0 660 13425902
660 1001 450347458
0 661 368709869
661 1001 518707649
0 662 684961008
662 1001 917825476
0 663 40247023
663 1001 986187715
0 664 893705954
664 1001 842477006
0 665 248989921
665 1001 910837197
0 666 565236964
666 1001 309959120
0 667 920522979
667 1001 378321359
0 668 910238950
668 1001 907512778
0 669 265522917
669 1001 975872969
0 670 581774056
670 1001 374990796
0 671 937060071
671 1001 443353035
0 672 990709789
672 1001 925589399
0 673 123293726
673 1001 281923992
0 674 726629407
674 1001 393073557
0 675 859211296
675 1001 749406102
0 676 7255065
676 1001 990633363
0 677 139839002
677 1001 346967956
0 678 743170587
678 1001 458113425
0 679 875752476
679 1001 814445970
0 680 887531029
680 1001 382762911
0 681 20114966
681 1001 739097504
0 682 623450647
682 1001 850247069
0 683 756032536
683 1001 206579614
0 684 904068113
684 1001 447798683
0 685 36652050
685 1001 804133276
0 686 639983635
686 1001 915278745
0 687 772565524
687 1001 271611290
0 688 946676816
688 1001 685959216
0 689 611417167
689 1001 817492527
0 690 682594382
690 1001 705935918
0 691 347336781
691 1001 837471277
0 692 963222092
692 1001 879755820
0 693 627962443
693 1001 11289131
0 694 699135562
694 1001 899736618
0 695 363877961
695 1001 31271977
0 696 843498056
696 1001 143124520
0 697 508238407
697 1001 274657831
0 698 579415622
698 1001 163101222
0 699 244158021
699 1001 294636581
0 700 860035140
700 1001 336929316
0 701 524775491
701 1001 468462627
0 702 595948610
702 1001 356910114
0 703 260691009
703 1001 488445473
0 704 198882807
704 1001 104152189
0 705 266196472
705 1001 767846014
0 706 487297013
706 1001 124130943
0 707 554608630
707 1001 787822720
0 708 367436275
708 1001 297948793
0 709 434749940
709 1001 961642618
0 710 655854577
710 1001 317931643
0 711 723166194
711 1001 981623420
0 712 95695871
712 1001 561317493
0 713 163009536
713 1001 225011318
0 714 384110077
714 1001 581296247
0 715 451421694
715 1001 244988024
0 716 264257531
716 1001 755122289
0 717 331571196
717 1001 418816114
0 718 552675833
718 1001 775105139
0 719 619987450
719 1001 438796916
0 720 276942758
720 1001 159340170
0 721 632226725
721 1001 227700361
0 722 565354920
722 1001 755200140
0 723 920640935
723 1001 823562379
0 724 445496226
724 1001 353140878
0 725 800780193
725 1001 421501069
0 726 733912484
726 1001 948996752
0 727 89198499
727 1001 17358991
0 728 173755822
728 1001 616505474
0 729 529039789
729 1001 684865665
0 730 462167984
730 1001 212365444
0 731 817453999
731 1001 280727683
0 732 342317482
732 1001 810314374
0 733 697601449
733 1001 878674565
0 734 630733740
734 1001 406170248
0 735 986019755
735 1001 474532487
0 736 515019601
736 1001 699626203
0 737 647603538
737 1001 55960796
0 738 379317075
738 1001 295488217
0 739 511898964
739 1001 651820762
0 740 683577173
740 1001 893426911
0 741 816161110
741 1001 249761504
0 742 547870551
742 1001 489284829
0 743 680452440
743 1001 845617374
0 744 411832665
744 1001 156791507
0 745 544416602
745 1001 513126100
0 746 276130139
746 1001 752653521
0 747 408712028
747 1001 108986066
0 748 580398429
748 1001 350600407
0 749 712982366
749 1001 706935000
0 750 444691807
750 1001 946458325
0 751 577273696
751 1001 302790870
0 752 470986500
752 1001 205301449
0 753 135726851
753 1001 850018506
0 754 335281922
754 1001 365259467
0 755 24321
755 1001 9974476
0 756 639544072
756 1001 476718797
0 757 304284423
757 1001 121435854
0 758 503835398
758 1001 636672719
0 759 168577797
759 1001 281387728
0 760 367799564
760 1001 891450049
0 761 32539915
761 1001 536167106
0 762 232094986
762 1001 51408067
0 763 896837385
763 1001 696123076
0 764 536365328
764 1001 162859205
0 765 201105679
765 1001 807576262
0 766 400656654
766 1001 322813127
0 767 65399053
767 1001 967528136
0 768 455555380
768 1001 165611676
0 769 912906035
769 1001 98299035
0 770 858650930
770 1001 325567642
0 771 316003633
771 1001 258257049
0 772 238596408
772 1001 437029024
0 773 695947063
773 1001 369716383
0 774 641696054
774 1001 596980894
0 775 99048757
775 1001 529670301
0 776 562387772
776 1001 851760276
0 777 19738427
777 1001 784447635
0 778 965483322
778 1001 11716242
0 779 422836025
779 1001 944405649
0 780 345420608
780 1001 123169432
0 781 802771263
781 1001 55856791
0 782 748520254
782 1001 283121302
0 783 205872957
783 1001 215810709
0 784 141662561
784 1001 464619631
0 785 886987618
785 1001 799880304
0 786 544760163
786 1001 688824941
0 787 290083172
787 1001 24083566
0 788 924703589
788 1001 736032875
0 789 670028646
789 1001 71293548
0 790 327805287
790 1001 960242281
0 791 73128296
791 1001 295500906
0 792 248494953
792 1001 150768231
0 793 993820010
793 1001 486028904
0 794 651592555
794 1001 374973541
0 795 396915564
795 1001 710232166
0 796 31527789
796 1001 422173283
0 797 776852846
797 1001 757433956
0 798 434629487
798 1001 646382689
0 799 179952496
799 1001 981641314
0 800 527440790
800 1001 302836798
0 801 50061717
801 1001 170253885
0 802 994922904
802 1001 527040064
0 803 517545879
803 1001 394459199
0 804 310485906
804 1001 574250042
0 805 833106833
805 1001 441667129
0 806 777963924
806 1001 798457404
0 807 300586899
807 1001 665876539
0 808 634273182
808 1001 988985398
0 809 156894109
809 1001 856402485
0 810 101755296
810 1001 213188664
0 811 624378271
811 1001 80607799
0 812 417310106
812 1001 260390450
0 813 939931033
813 1001 127807537
0 814 884788124
814 1001 484597812
0 815 407411099
815 1001 352016947
0 816 91454919
816 1001 223655813
0 817 146236360
817 1001 868372870
0 818 558939077
818 1001 363911
0 819 613718470
819 1001 645078920
0 820 874500035
820 1001 646823297
0 821 929281476
821 1001 291540354
0 822 341980097
822 1001 423527299
0 823 396759490
823 1001 68242308
0 824 198287311
824 1001 909796237
0 825 253068752
825 1001 554513294
0 826 665771469
826 1001 686504335
0 827 720550862
827 1001 331219344
0 828 981324235
828 1001 332971913
0 829 36105676
829 1001 977688970
0 830 448804297
830 1001 109675915
0 831 503583690
831 1001 754390924
0 832 247371904
832 1001 183966168
0 833 704722559
833 1001 116653527
0 834 267348606
834 1001 960672214
0 835 724701309
835 1001 893361621
0 836 158907516
836 1001 607133652
0 837 616258171
837 1001 539821011
0 838 178888314
838 1001 383835602
0 839 636241017
839 1001 316525009
0 840 354196088
840 1001 870106592
0 841 811546743
841 1001 802793951
0 842 374172790
842 1001 646812638
0 843 831525493
843 1001 579502045
0 844 265739892
844 1001 293282268
0 845 723090547
845 1001 225969627
0 846 285720690
846 1001 69984218
0 847 743073393
847 1001 2673625
0 848 933478957
848 1001 727094563
0 849 678804014
849 1001 62355236
0 850 953457711
850 1001 79808801
0 851 698780720
851 1001 415067426
0 852 845014569
852 1001 150257959
0 853 590339626
853 1001 485518632
0 854 864997419
854 1001 502976293
0 855 610320428
855 1001 838234918
0 856 40303141
856 1001 413234987
0 857 785628198
857 1001 748495660
0 858 60281895
858 1001 765949225
0 859 805604904
859 1001 101207850
0 860 951846945
860 1001 836406575
0 861 697172002
861 1001 171667248
0 862 971829795
862 1001 189124909
0 863 717152804
863 1001 524383534
0 864 563508954
864 1001 565311858
0 865 86129881
865 1001 432728945
0 866 159368924
866 1001 918024052
0 867 681991899
867 1001 785443187
0 868 475048670
868 1001 988475254
0 869 997669597
869 1001 855892341
0 870 70904544
870 1001 341191544
0 871 593527519
871 1001 208610679
0 872 670333138
872 1001 251452282
0 873 192954065
873 1001 118869369
0 874 266193108
874 1001 604164476
0 875 788816083
875 1001 471583611
0 876 581881046
876 1001 674623870
0 877 104501973
877 1001 542040957
0 878 177736920
878 1001 27340160
0 879 700359895
879 1001 894759295
0 880 127522955
880 1001 905087569
0 881 182304396
881 1001 415585874
0 882 723384969
882 1001 65045587
0 883 778164362
883 1001 575541844
0 884 39062671
884 1001 433260629
0 885 93844112
885 1001 943758934
0 886 634920589
886 1001 593214551
0 887 689699982
887 1001 103710808
0 888 234347139
888 1001 848749657
0 889 289128580
889 1001 359247962
0 890 830209153
890 1001 8707675
0 891 884988546
891 1001 519203932
0 892 145895047
892 1001 376914525
0 893 200676488
893 1001 887412830
0 894 741752965
894 1001 536868447
0 895 796532358
895 1001 47364704
0 896 15801772
896 1001 865397764
0 897 338935723
897 1001 663866371
0 898 418897322
898 1001 25353730
0 899 742033321
899 1001 823824385
0 900 32342960
900 1001 393570824
0 901 355476911
901 1001 192039431
0 902 435442606
902 1001 553522694
0 903 758578605
903 1001 351993349
0 904 426658724
904 1001 809059852
0 905 749792675
905 1001 607528459
0 906 829754274
906 1001 969015818
0 907 152890273
907 1001 767486473
0 908 443191720
908 1001 337224720
0 909 766325671
909 1001 135693327
0 910 846291366
910 1001 497176590
0 911 169427365
911 1001 295647245
0 912 701908985
912 1001 164406007
0 913 313017338
913 1001 365447928
0 914 105006587
914 1001 388611317
0 915 716112892
915 1001 589651190
0 916 718450173
916 1001 692574963
0 917 329558526
917 1001 893616884
0 918 121551871
918 1001 916784369
0 919 732658176
919 1001 117824242
0 920 112765937
920 1001 108068095
0 921 723874290
921 1001 309110016
0 922 515863539
922 1001 332273405
0 923 126969844
923 1001 533313278
0 924 129298933
924 1001 636228859
0 925 740407286
925 1001 837270780
0 926 532400631
926 1001 860438265
0 927 143506936
927 1001 61478138
0 928 87686926
928 1001 2623142
0 929 476091149
929 1001 735821477
0 930 555169040
930 1001 226826408
0 931 943575311
931 1001 960026791
0 932 104232202
932 1001 530792098
0 933 492636425
933 1001 263990433
0 934 571710220
934 1001 754999460
0 935 960116491
935 1001 488199843
0 936 498543878
936 1001 946285230
0 937 886948101
937 1001 679483565
0 938 966025992
938 1001 170488496
0 939 354432263
939 1001 903688879
0 940 515080962
940 1001 474445994
0 941 903485185
941 1001 207644329
0 942 982558980
942 1001 698653356
0 943 370965251
943 1001 431853739
0 944 651701087
944 1001 434938653
0 945 572265824
945 1001 945436958
0 946 119185245
946 1001 211646751
0 947 39747934
947 1001 722143008
0 948 668246363
948 1001 91868441
0 949 588811100
949 1001 602366746
0 950 135726425
950 1001 868572443
0 951 56289114
951 1001 379068700
0 952 62558039
952 1001 378592533
0 953 983122776
953 1001 889090838
0 954 530042197
954 1001 155300631
0 955 450604886
955 1001 665796888
0 956 79095123
956 1001 35530513
0 957 999659860
957 1001 546028818
0 958 546575185
958 1001 812234515
0 959 467137874
959 1001 322730772
0 960 295859432
960 1001 395248976
0 961 618993383
961 1001 193717583
0 962 315836134
962 1001 171955022
0 963 638972133
963 1001 970425677
0 964 464412900
964 1001 52178764
0 965 787546851
965 1001 850647371
0 966 484393698
966 1001 828880714
0 967 807529697
967 1001 627351369
0 968 706708208
968 1001 338902856
0 969 29842159
969 1001 137371463
0 970 726684910
970 1001 115608902
0 971 49820909
971 1001 914079557
0 972 875269868
972 1001 995840836
0 973 198403819
973 1001 794309443
0 974 895250666
974 1001 772542786
0 975 218386665
975 1001 571013441
0 976 981966517
976 1001 938377659
0 977 593074870
977 1001 139419580
0 978 1945271
978 1001 291091897
0 979 613051576
979 1001 492131770
0 980 150519985
980 1001 595303359
0 981 761628338
981 1001 796345280
0 982 170502835
982 1001 948021693
0 983 781609140
983 1001 149061566
0 984 392815293
984 1001 882031539
0 985 3923646
985 1001 83073460
0 986 412794047
986 1001 234745777
0 987 23900352
987 1001 435785650
0 988 561376953
988 1001 538965431
0 989 172485306
989 1001 740007352
0 990 581359803
990 1001 891683765
0 991 192466108
991 1001 92723638
0 992 611996226
992 1001 776594922
0 993 400449
993 1001 509793257
0 994 207856196
994 1001 129307116
0 995 596262467
995 1001 862507499
0 996 780553798
996 1001 433520622
0 997 168958021
997 1001 166718957
0 998 376409672
998 1001 786236912
0 999 764815943
999 1001 519437295
0 1000 22845002
1000 1001 720248802
