5000 4999 0 4999
0 1 80486914
1 2 159958019
2 3 240442884
3 4 319916037
4 5 400402950
5 6 479869959
6 7 560354824
7 8 639832073
8 9 720318986
9 10 799790091
10 11 880274956
11 12 959739917
12 13 40226830
13 14 119693839
14 15 200178704
15 16 21966420
16 17 634609747
17 18 181922386
18 19 794567761
19 20 341882456
20 21 954525783
21 22 501834326
22 23 114479701
23 24 661798492
24 25 274441819
25 26 821754458
26 27 434399833
27 28 981706336
28 29 594349663
29 30 141658206
30 31 754303581
31 32 43932839
32 33 431778984
33 34 268138149
34 35 655982246
35 36 363844771
36 37 751690916
37 38 588054177
38 39 975898274
39 40 683764911
40 41 71611056
41 42 907970221
42 43 295814318
43 44 3668651
44 45 391514796
45 46 227878057
46 47 615722154
47 48 187992310
48 49 863808757
49 50 412195576
50 51 88014071
51 52 507904242
52 53 183720689
53 54 732111604
54 55 407930099
55 56 827824382
56 57 503640829
57 58 52027648
58 59 727846143
59 60 147728122
60 61 823544569
61 62 371935484
62 63 47753979
63 64 791882573
64 65 872369486
65 66 568590671
66 67 649075536
67 68 240293193
68 69 320780106
69 70 16997195
70 71 97482060
71 72 431706437
72 73 512193350
73 74 208414535
74 75 288899400
75 76 880125249
76 77 960612162
77 78 656829251
78 79 737314116
79 80 813848864
80 81 426492191
81 82 590554910
82 83 203200285
83 84 262259484
84 85 874902811
85 86 38961434
86 87 651606809
87 88 453672728
88 89 66316055
89 90 230378774
90 91 843024149
91 92 902091540
92 93 514734867
93 94 678793490
94 95 291438865
95 96 79935979
96 97 467782124
97 98 432650217
98 99 820494314
99 100 528342511
100 101 916188656
101 102 881060845
102 103 268904942
103 104 719759843
104 105 107605988
105 106 72474081
106 107 460318178
107 108 168174567
108 109 556020712
109 110 520892901
110 111 908736998
111 112 223995322
112 113 899811769
113 114 576707516
114 115 252526011
115 116 672401854
116 117 348218301
117 118 25118144
118 119 700936639
119 120 863819186
120 121 539635633
121 122 216531380
122 123 892349875
123 124 312233910
124 125 988050357
125 126 664950200
126 127 340768695
127 128 583765145
128 129 530033306
129 130 743723163
130 131 689989276
131 132 137181341
132 133 83449502
133 134 297135263
134 135 243401376
135 136 480586385
136 137 426854546
137 138 640544403
138 139 586810516
139 140 33994389
140 141 980262550
141 142 193948311
142 143 140214424
143 144 605731532
144 145 84156107
145 146 765687498
146 147 244114121
147 148 159147728
148 149 637572303
149 150 319099598
150 151 797526221
151 152 502552772
152 153 980977347
153 154 662508738
154 155 140935361
155 156 55960776
156 157 534385351
157 158 215912646
158 159 694339269
159 160 627697727
160 161 881325120
161 162 851903037
162 163 105528382
163 164 181109819
164 165 434737212
165 166 405319225
166 167 658944570
167 168 524518967
168 169 778146360
169 170 748724277
170 171 2349622
171 172 77922867
172 173 331550260
173 174 302132273
174 175 555757618
175 176 771757166
176 177 313354861
177 178 995960432
178 179 537560175
179 180 325169258
180 181 866766953
181 182 549376620
182 183 90976363
183 184 668578406
184 185 210176101
185 186 892781672
186 187 434381415
187 188 221982306
188 189 763580001
189 190 446189668
190 191 987789411
191 192 863888853
192 193 810157014
193 194 640596951
194 195 586863064
195 196 569317329
196 197 515585490
197 198 346021331
198 199 292287444
199 200 760701917
200 201 706970078
201 202 537410015
202 203 483676128
203 204 466138585
204 205 412406746
205 206 242842587
206 207 189108700
207 208 885855112
208 209 364279687
209 210 662561158
210 211 140987781
211 212 591283588
212 213 69708163
213 214 367985538
214 215 846412161
215 216 782668176
216 217 261092751
217 218 559374222
218 219 37800845
219 220 488104844
220 221 966529419
221 222 264806794
222 223 743233417
223 224 151942003
224 225 405569396
225 226 504656241
226 227 758281586
227 228 857366391
228 229 110993784
229 230 210084725
230 231 463710070
231 232 48755067
232 233 302382460
233 234 401469305
234 235 655094650
235 236 754187647
236 237 7815040
237 238 106905981
238 239 360531326
239 240 296001314
240 241 837599009
241 242 648713508
242 243 190313251
243 244 1425702
244 245 543023397
245 246 354141992
246 247 895741735
247 248 192814378
248 249 734412073
249 250 545526572
250 251 87126315
251 252 898246958
252 253 439844653
253 254 250963248
254 255 792562991
255 256 167530258
256 257 503837457
257 258 59050772
258 259 395360019
259 260 487446294
260 261 823753493
261 262 378962712
262 263 715271959
263 264 274362650
264 265 610669849
265 266 165883164
266 267 502192411
267 268 594270494
268 269 930577693
269 270 485786912
270 271 822096159
271 272 703472963
272 273 571940676
273 274 594995521
274 275 463461186
275 276 23388999
276 277 891856712
277 278 914907461
278 279 783373126
279 280 810305355
280 281 678773068
281 282 701827913
282 283 570293578
283 284 130213199
284 285 998680912
285 286 21731661
286 287 890197326
287 288 211463096
288 289 855129527
289 290 167230902
290 291 810899381
291 292 531375028
292 293 175041459
293 294 487146930
294 295 130815409
295 296 318295488
296 297 961961919
297 298 274063294
298 299 917731773
299 300 638199228
300 301 281865659
301 302 593971130
302 303 237639609
303 304 869498853
304 305 801139686
305 306 825268711
306 307 756907496
307 308 189410785
308 309 121051618
309 310 145184739
310 311 76823524
311 312 976331245
312 313 907972078
313 314 932101103
314 315 863739888
315 316 296234985
316 317 227875818
317 318 252008939
318 319 183647724
319 320 959412318
320 321 295719517
321 322 467682912
322 323 803992159
323 324 407822938
324 325 744130137
325 326 916089436
326 327 252398683
327 328 66236502
328 329 402543701
329 330 574507096
330 331 910816343
331 332 514655314
332 333 850962513
333 334 22921812
334 335 359231059
335 336 495354895
336 337 363822608
337 338 3627533
338 339 872093198
339 340 943765515
340 341 812233228
341 342 452034057
342 343 320499722
343 344 602179079
344 345 470646792
345 346 110451717
346 347 978917382
347 348 50597891
348 349 919065604
349 350 558866433
350 351 427332098
351 352 247465724
352 353 891132155
353 354 331742458
354 355 975410937
355 356 695872256
356 357 339538687
357 358 780153086
358 359 423821565
359 360 354289908
360 361 997956339
361 362 438566642
362 363 82235121
363 364 802704632
364 365 446371063
365 366 886985462
366 367 530653941
367 368 905501353
368 369 837142186
369 370 989780139
370 371 921418924
371 372 353907885
372 373 285548718
373 374 438190767
374 375 369829552
375 376 12325537
376 377 943966370
377 378 96604323
378 379 28243108
379 380 460740261
380 381 392381094
381 382 545023143
382 383 476661928
383 384 727777674
384 385 929866121
385 386 619298188
386 387 821388683
387 388 281193870
388 389 483282317
389 390 172710288
390 391 374800783
391 392 138634626
392 393 340723073
393 394 30155140
394 395 232245635
395 396 692042630
396 397 894131077
397 398 583559048
398 399 785649543
399 400 263720411
400 401 997969372
401 402 155242969
402 403 889489882
403 404 817136607
404 405 551385568
405 406 708655069
406 407 442901982
407 408 674577363
408 409 408826324
409 410 566099921
410 411 300346834
411 412 227985367
412 413 962234328
413 414 119503829
414 415 853750742
415 416 771710256
416 417 281157935
417 418 727478062
418 419 236927789
419 420 325122348
420 421 834570027
421 422 280894250
422 423 790343977
423 424 182567208
424 425 692014887
425 426 138335014
426 427 647784741
427 428 735971108
428 429 245418787
429 430 691743010
430 431 201192737
431 432 429746045
432 433 227168126
433 434 385515903
434 435 182935936
435 436 983158137
436 437 780580218
437 438 938932091
438 439 736352124
439 440 840602997
440 441 638025078
441 442 796372855
442 443 593792888
443 444 394006897
444 445 191428978
445 446 349780851
446 447 147200884
447 448 7900870
448 449 209989317
449 450 516171464
450 451 718261959
451 452 713329346
452 453 915417793
453 454 221595844
454 455 423686339
455 456 418749646
456 457 620838093
457 458 927020240
458 459 129110735
459 460 124186314
460 461 326274761
461 462 632452812
462 463 834543307
463 464 543843479
464 465 278092440
465 466 52116117
466 467 786363030
467 468 249271955
468 469 983520916
469 470 757540497
470 471 491787410
471 472 954692255
472 473 688941216
473 474 462964893
474 475 197211806
475 476 660128923
476 477 394377884
477 478 168397465
478 479 902644378
479 480 295954020
480 481 805401699
481 482 380230754
482 483 889680481
483 484 1378408
484 485 510826087
485 486 85659238
486 487 595108965
487 488 706802796
488 489 216250475
489 490 791079530
490 491 300529257
491 492 412235376
492 493 921683055
493 494 496516206
494 495 5965933
495 496 953989681
496 497 751411762
497 498 38268467
498 499 835688500
499 500 659414069
500 501 456836150
501 502 743696951
502 503 541116984
503 504 364838457
504 505 162260538
505 506 449117243
506 507 246537276
507 508 70271037
508 509 867693118
509 510 154553919
510 511 951973952
511 512 335060515
512 513 536590884
513 514 6593569
514 515 208121890
515 516 118101543
516 517 319631912
517 518 789638693
518 519 991167014
519 520 974892587
520 521 176422956
521 522 646425641
522 523 847953962
523 524 757925423
524 525 959455792
525 526 429462573
526 527 630990894
527 528 413120626
528 529 902621297
529 530 84651636
530 531 574154355
531 532 196161654
532 533 685662325
533 534 867696760
534 535 357199479
535 536 52952698
536 537 542453369
537 538 724483708
538 539 213986427
539 540 835985534
540 541 325486205
541 542 507520640
542 543 997023359
543 544 406945925
544 545 673746566
545 546 142865543
546 547 409664136
547 548 189991041
548 549 456791682
549 550 925906563
550 551 192705156
551 552 46777997
552 553 313578638
553 554 782697615
554 555 49496208
555 556 829814921
556 557 96615562
557 558 565730443
558 559 832529036
559 560 362912984
560 561 161870039
561 562 98830550
562 563 897789653
563 564 145958100
564 565 944915155
565 566 881871570
566 567 680830673
567 568 2745056
568 569 801702111
569 570 738662622
570 571 537621725
571 572 785781980
572 573 584739035
573 574 521695450
574 575 320654553
575 576 126877551
576 577 328407920
577 578 415291757
578 579 616820078
579 580 38413163
580 581 239943532
581 582 326831465
582 583 528359786
583 584 766701415
584 585 968231784
585 586 55115621
586 587 256643942
587 588 678245219
588 589 879775588
589 590 966663521
590 591 168191842
591 592 204937534
592 593 694438205
593 594 493349696
594 595 982852415
595 596 116473146
596 597 605973817
597 598 404889404
598 599 894392123
599 600 844761398
600 601 334262069
601 602 133173560
602 603 622676279
603 604 756305202
604 605 245805873
605 606 44721460
606 607 534224179
607 608 443014601
608 609 709815242
609 610 307312075
610 611 574110668
611 612 354554317
612 613 621354958
613 614 218847695
614 615 485646288
615 616 82838465
616 617 349639106
617 618 947135939
618 619 213934532
619 620 994386373
620 621 261187014
621 622 858679751
622 623 125478344
623 624 398981532
624 625 197938587
625 626 263276954
626 627 62236057
627 628 310521248
628 629 109478303
629 630 174812574
630 631 973771677
631 632 38805396
632 633 837762451
633 634 903100818
634 635 702059921
635 636 950353304
636 637 749310359
637 638 814644630
638 639 613603733
639 640 918824635
640 641 986138300
641 642 590357689
642 643 657669306
643 644 935365823
644 645 2679488
645 646 606902973
646 647 674214590
647 648 815645875
648 649 882959540
649 650 487178929
650 651 554490546
651 652 832178871
652 653 899492536
653 654 503716021
654 655 571027638
655 656 996884714
656 657 352168681
657 658 668415724
658 659 23701739
659 660 13425902
660 661 368709869
661 662 684961008
662 663 40247023
663 664 893705954
664 665 248989921
665 666 565236964
666 667 920522979
667 668 910238950
668 669 265522917
669 670 581774056
670 671 937060071
671 672 990709789
672 673 123293726
673 674 726629407
674 675 859211296
675 676 7255065
676 677 139839002
677 678 743170587
678 679 875752476
679 680 887531029
680 681 20114966
681 682 623450647
682 683 756032536
683 684 904068113
684 685 36652050
685 686 639983635
686 687 772565524
687 688 946676816
688 689 611417167
689 690 682594382
690 691 347336781
691 692 963222092
692 693 627962443
693 694 699135562
694 695 363877961
695 696 843498056
696 697 508238407
697 698 579415622
698 699 244158021
699 700 860035140
700 701 524775491
701 702 595948610
702 703 260691009
703 704 198882807
704 705 266196472
705 706 487297013
706 707 554608630
707 708 367436275
708 709 434749940
709 710 655854577
710 711 723166194
711 712 95695871
712 713 163009536
713 714 384110077
714 715 451421694
715 716 264257531
716 717 331571196
717 718 552675833
718 719 619987450
719 720 276942758
720 721 632226725
721 722 565354920
722 723 920640935
723 724 445496226
724 725 800780193
725 726 733912484
726 727 89198499
727 728 173755822
728 729 529039789
729 730 462167984
730 731 817453999
731 732 342317482
732 733 697601449
733 734 630733740
734 735 986019755
735 736 515019601
736 737 647603538
737 738 379317075
738 739 511898964
739 740 683577173
740 741 816161110
741 742 547870551
742 743 680452440
743 744 411832665
744 745 544416602
745 746 276130139
746 747 408712028
747 748 580398429
748 749 712982366
749 750 444691807
750 751 577273696
751 752 470986500
752 753 135726851
753 754 335281922
754 755 24321
755 756 639544072
756 757 304284423
757 758 503835398
758 759 168577797
759 760 367799564
760 761 32539915
761 762 232094986
762 763 896837385
763 764 536365328
764 765 201105679
765 766 400656654
766 767 65399053
767 768 455555380
768 769 912906035
769 770 858650930
770 771 316003633
771 772 238596408
772 773 695947063
773 774 641696054
774 775 99048757
775 776 562387772
776 777 19738427
777 778 965483322
778 779 422836025
779 780 345420608
780 781 802771263
781 782 748520254
782 783 205872957
783 784 141662561
784 785 886987618
785 786 544760163
786 787 290083172
787 788 924703589
788 789 670028646
789 790 327805287
790 791 73128296
791 792 248494953
792 793 993820010
793 794 651592555
794 795 396915564
795 796 31527789
796 797 776852846
797 798 434629487
798 799 179952496
799 800 527440790
800 801 50061717
801 802 994922904
802 803 517545879
803 804 310485906
804 805 833106833
805 806 777963924
806 807 300586899
807 808 634273182
808 809 156894109
809 810 101755296
810 811 624378271
811 812 417310106
812 813 939931033
813 814 884788124
814 815 407411099
815 816 91454919
816 817 146236360
817 818 558939077
818 819 613718470
819 820 874500035
820 821 929281476
821 822 341980097
822 823 396759490
823 824 198287311
824 825 253068752
825 826 665771469
826 827 720550862
827 828 981324235
828 829 36105676
829 830 448804297
830 831 503583690
831 832 247371904
832 833 704722559
833 834 267348606
834 835 724701309
835 836 158907516
836 837 616258171
837 838 178888314
838 839 636241017
839 840 354196088
840 841 811546743
841 842 374172790
842 843 831525493
843 844 265739892
844 845 723090547
845 846 285720690
846 847 743073393
847 848 933478957
848 849 678804014
849 850 953457711
850 851 698780720
851 852 845014569
852 853 590339626
853 854 864997419
854 855 610320428
855 856 40303141
856 857 785628198
857 858 60281895
858 859 805604904
859 860 951846945
860 861 697172002
861 862 971829795
862 863 717152804
863 864 563508954
864 865 86129881
865 866 159368924
866 867 681991899
867 868 475048670
868 869 997669597
869 870 70904544
870 871 593527519
871 872 670333138
872 873 192954065
873 874 266193108
874 875 788816083
875 876 581881046
876 877 104501973
877 878 177736920
878 879 700359895
879 880 127522955
880 881 182304396
881 882 723384969
882 883 778164362
883 884 39062671
884 885 93844112
885 886 634920589
886 887 689699982
887 888 234347139
888 889 289128580
889 890 830209153
890 891 884988546
891 892 145895047
892 893 200676488
893 894 741752965
894 895 796532358
895 896 15801772
896 897 338935723
897 898 418897322
898 899 742033321
899 900 32342960
900 901 355476911
901 902 435442606
902 903 758578605
903 904 426658724
904 905 749792675
905 906 829754274
906 907 152890273
907 908 443191720
908 909 766325671
909 910 846291366
910 911 169427365
911 912 701908985
912 913 313017338
913 914 105006587
914 915 716112892
915 916 718450173
916 917 329558526
917 918 121551871
918 919 732658176
919 920 112765937
920 921 723874290
921 922 515863539
922 923 126969844
923 924 129298933
924 925 740407286
925 926 532400631
926 927 143506936
927 928 87686926
928 929 476091149
929 930 555169040
930 931 943575311
931 932 104232202
932 933 492636425
933 934 571710220
934 935 960116491
935 936 498543878
936 937 886948101
937 938 966025992
938 939 354432263
939 940 515080962
940 941 903485185
941 942 982558980
942 943 370965251
943 944 651701087
944 945 572265824
945 946 119185245
946 947 39747934
947 948 668246363
948 949 588811100
949 950 135726425
950 951 56289114
951 952 62558039
952 953 983122776
953 954 530042197
954 955 450604886
955 956 79095123
956 957 999659860
957 958 546575185
958 959 467137874
959 960 295859432
960 961 618993383
961 962 315836134
962 963 638972133
963 964 464412900
964 965 787546851
965 966 484393698
966 967 807529697
967 968 706708208
968 969 29842159
969 970 726684910
970 971 49820909
971 972 875269868
972 973 198403819
973 974 895250666
974 975 218386665
975 976 981966517
976 977 593074870
977 978 1945271
978 979 613051576
979 980 150519985
980 981 761628338
981 982 170502835
982 983 781609140
983 984 392815293
984 985 3923646
985 986 412794047
986 987 23900352
987 988 561376953
988 989 172485306
989 990 581359803
990 991 192466108
991 992 611996226
992 993 400449
993 994 207856196
994 995 596262467
995 996 780553798
996 997 168958021
997 998 376409672
998 999 764815943
999 1000 22845002
1000 1001 411249225
1001 1002 618704972
1002 1003 7111243
1003 1004 191410766
1004 1005 579814989
1005 1006 787266640
1006 1007 175672911
1007 1008 176010259
1008 1009 96574996
1009 1010 771872273
1010 1011 692434962
1011 1012 344567831
1012 1013 265132568
1013 1014 940425749
1014 1015 860988438
1015 1016 586859035
1016 1017 507423772
1017 1018 182721049
1018 1019 103283738
1019 1020 755424799
1020 1021 675989536
1021 1022 351282717
1022 1023 271845406
1023 1024 670121029
1024 1025 749557318
1025 1026 74263111
1026 1027 153701448
1027 1028 13187137
1028 1029 92623426
1029 1030 417325123
1030 1031 496763460
1031 1032 236203085
1032 1033 315639374
1033 1034 640345167
1034 1035 719783504
1035 1036 579277385
1036 1037 658713674
1037 1038 983415371
1038 1039 62853708
1039 1040 692085272
1040 1041 303682071
1041 1042 96229398
1042 1043 707824149
1043 1044 35151380
1044 1045 646748179
1045 1046 439291410
1046 1047 50886161
1047 1048 258167328
1048 1049 869764127
1049 1050 662311454
1050 1051 273906205
1051 1052 601241628
1052 1053 212838427
1053 1054 5381658
1054 1055 616976409
1055 1056 826241251
1056 1057 215133924
1057 1058 806258401
1058 1059 195153122
1059 1060 169303271
1060 1061 558195944
1061 1062 149324517
1062 1063 538219238
1063 1064 392323307
1064 1065 781215980
1065 1066 372340457
1066 1067 761235178
1067 1068 735393519
1068 1069 124286192
1069 1070 715414765
1070 1071 104309486
1071 1072 970298546
1072 1073 647165617
1073 1074 950317748
1074 1075 627182771
1075 1076 313360566
1076 1077 990227637
1077 1078 293383864
1078 1079 970248887
1079 1080 536380602
1080 1081 213247673
1081 1082 516399804
1082 1083 193264827
1083 1084 879450814
1084 1085 556317885
1085 1086 859474112
1086 1087 536339135
1087 1088 520005897
1088 1089 599442186
1089 1090 52525835
1090 1091 131964172
1091 1092 991845133
1092 1093 71281422
1093 1094 524360975
1094 1095 603799312
1095 1096 86096129
1096 1097 165532418
1097 1098 618616067
1098 1099 698054404
1099 1100 557927173
1100 1101 637363462
1101 1102 90443015
1102 1103 169881352
1103 1104 541970268
1104 1105 153567067
1105 1106 74492250
1106 1107 686087001
1107 1108 13809504
1108 1109 625406303
1109 1110 546327390
1110 1111 157922141
1111 1112 108060500
1112 1113 719657299
1113 1114 640582482
1114 1115 252177233
1115 1116 579891544
1116 1117 191488343
1117 1118 112409430
1118 1119 724004181
1119 1120 431874479
1120 1121 820767152
1121 1122 28772781
1122 1123 417667502
1123 1124 903709611
1124 1125 292602284
1125 1126 500612009
1126 1127 889506730
1127 1128 997964711
1128 1129 386857384
1129 1130 594863013
1130 1131 983757734
1131 1132 469791651
1132 1133 858684324
1133 1134 66694049
1134 1135 455588770
1135 1136 575931902
1136 1137 252798973
1137 1138 172832256
1138 1139 849697279
1139 1140 47767034
1140 1141 724634105
1141 1142 644671484
1142 1143 321536507
1143 1144 142022134
1144 1145 818889205
1145 1146 738922488
1146 1147 415787511
1147 1148 613849074
1148 1149 290716145
1149 1150 210753524
1150 1151 887618547
1151 1152 253755101
1152 1153 198972638
1153 1154 657897183
1154 1155 603116768
1155 1156 830583513
1156 1157 775801050
1157 1158 234721499
1158 1159 179941084
1159 1160 76826325
1160 1161 22043862
1161 1162 480968407
1162 1163 426187992
1163 1164 653662929
1164 1165 598880466
1165 1166 57800915
1166 1167 3020500
1167 1168 275719312
1168 1169 753097359
1169 1170 679863438
1170 1171 157239437
1171 1172 852547724
1172 1173 329925771
1173 1174 256687754
1174 1175 734063753
1175 1176 98790536
1176 1177 576168583
1177 1178 502934662
1178 1179 980310661
1179 1180 675627140
1180 1181 153005187
1181 1182 79767170
1182 1183 557143169
1183 1184 409875067
1184 1185 664548988
1185 1186 389892217
1186 1187 644568186
1187 1188 986699391
1188 1189 241373312
1189 1190 966720637
1190 1191 221396606
1191 1192 232946291
1192 1193 487620212
1193 1194 212963441
1194 1195 467639410
1195 1196 809778807
1196 1197 64452728
1197 1198 789800053
1198 1199 44476022
1199 1200 553932330
1200 1201 96580649
1201 1202 533951532
1202 1203 76597803
1203 1204 130756654
1204 1205 673404973
1205 1206 110779952
1206 1207 653426223
1207 1208 377003554
1208 1209 919651873
1209 1210 357022756
1210 1211 899669027
1211 1212 953836070
1212 1213 496484389
1213 1214 933859368
1214 1215 476505639
1215 1216 592143249
1216 1217 537360786
1217 1218 124663187
1218 1219 69882772
1219 1220 320738197
1220 1221 265955734
1221 1222 853254039
1222 1223 798473624
1223 1224 415222681
1224 1225 360440218
1225 1226 947742619
1226 1227 892962204
1227 1228 143809437
1228 1229 89026974
1229 1230 676325279
1230 1231 621544864
1231 1232 614107588
1232 1233 91485635
1233 1234 146629570
1234 1235 624005569
1235 1236 342702536
1236 1237 820080583
1237 1238 875220422
1238 1239 352596421
1239 1240 437187020
1240 1241 914565067
1241 1242 969709002
1242 1243 447085001
1243 1244 165773776
1244 1245 643151823
1245 1246 698291662
1246 1247 175667661
1247 1248 504011575
1248 1249 758685496
1249 1250 100909877
1250 1251 355585846
1251 1252 232602419
1252 1253 487276340
1253 1254 829504817
1254 1255 84180786
1255 1256 327091007
1256 1257 581764928
1257 1258 923989309
1258 1259 178665278
1259 1260 55673659
1260 1261 310347580
1261 1262 652576057
1262 1263 907252026
1263 1264 648068966
1264 1265 190717285
1265 1266 244969320
1266 1267 787615591
1267 1268 376659810
1268 1269 919308129
1269 1270 973564260
1270 1271 516210531
1271 1272 471148398
1272 1273 13796717
1273 1274 68048752
1274 1275 610695023
1275 1276 199731050
1276 1277 742379369
1277 1278 796635500
1278 1279 339281771
1279 1280 837649238
1280 1281 172909909
1281 1282 973357912
1282 1283 308616535
1283 1284 180715346
1284 1285 515976017
1285 1286 316419924
1286 1287 651678547
1287 1288 870731614
1288 1289 205992285
1289 1290 6440288
1290 1291 341698911
1291 1292 213805914
1292 1293 549066585
1293 1294 349510492
1294 1295 684769115
1295 1296 373593863
1296 1297 241010952
1297 1298 509300485
1298 1299 376719622
1299 1300 716659971
1300 1301 584077060
1301 1302 852362497
1302 1303 719781634
1303 1304 406676239
1304 1305 274093328
1305 1306 542382861
1306 1307 409801998
1307 1308 749750539
1308 1309 617167628
1309 1310 885453065
1310 1311 752872202
1311 1312 993769460
1312 1313 638486515
1313 1314 705353202
1314 1315 350068209
1315 1316 336831480
1316 1317 981548535
1317 1318 48419318
1318 1319 693134325
1319 1320 26851836
1320 1321 671568891
1321 1322 738435578
1322 1323 383150585
1323 1324 369922048
1324 1325 14639103
1325 1326 81509886
1326 1327 726224893
1327 1328 651807137
1328 1329 584494498
1329 1330 363388835
1330 1331 296078244
1331 1332 994869157
1332 1333 927556518
1333 1334 706454951
1334 1335 639144360
1335 1336 684889513
1336 1337 617576874
1337 1338 396471211
1338 1339 329160620
1339 1340 27959725
1340 1341 960647086
1341 1342 739545519
1342 1343 672234928
1343 1344 687533594
1344 1345 22794265
1345 1346 951620124
1346 1347 286878747
1347 1348 159372830
1348 1349 494633501
1349 1350 423455264
1350 1351 758713887
1351 1352 720624146
1352 1353 55884817
1353 1354 984710676
1354 1355 319969299
1355 1356 192455190
1356 1357 527715861
1357 1358 456537624
1358 1359 791796247
1359 1360 223478347
1360 1361 90895436
1361 1362 487562825
1362 1363 354981962
1363 1364 695317583
1364 1365 562734672
1365 1366 959397965
1366 1367 826817102
1367 1368 256568899
1368 1369 123985988
1369 1370 520653377
1370 1371 388072514
1371 1372 728399943
1372 1373 595817032
1373 1374 992480325
1374 1375 859899462
1375 1376 599402176
1376 1377 244119231
1377 1378 927867070
1378 1379 572582077
1379 1380 71237308
1380 1381 715954363
1381 1382 399706298
1382 1383 44421305
1383 1384 632492728
1384 1385 277209783
1385 1386 960957622
1386 1387 605672629
1387 1388 104319668
1388 1389 749036723
1389 1390 432788658
1390 1391 77503665
1391 1392 257439981
1392 1393 190127342
1393 1394 585902831
1394 1395 518592240
1395 1396 729275113
1396 1397 661962474
1397 1398 57742059
1398 1399 990431468
1399 1400 290530533
1400 1401 223217894
1401 1402 618993383
1402 1403 551682792
1403 1404 762357473
1404 1405 695044834
1405 1406 90824419
1406 1407 23513828
1407 1408 397765582
1408 1409 598807501
1409 1410 533474256
1410 1411 734514127
1411 1412 974593994
1412 1413 175635913
1413 1414 110298572
1414 1415 311338443
1415 1416 734872518
1416 1417 935914437
1417 1418 870581192
1418 1419 71621063
1419 1420 311709122
1420 1421 512751041
1421 1422 447413700
1422 1423 648453571
1423 1424 933710239
1424 1425 666908576
1425 1426 69416861
1426 1427 802617246
1427 1428 510538651
1428 1429 243736988
1429 1430 646241177
1430 1431 379441562
1431 1432 270817175
1432 1433 4015512
1433 1434 406523797
1434 1435 139724182
1435 1436 847653779
1436 1437 580852116
1437 1438 983356305
1438 1439 716556690
1439 1440 553885548
1440 1441 64383851
1441 1442 265469290
1442 1443 775965545
1443 1444 130709872
1444 1445 641208175
1445 1446 842297710
1446 1447 352793965
1447 1448 890992484
1448 1449 401490787
1449 1450 602576226
1450 1451 113072481
1451 1452 467825000
1452 1453 978323303
1453 1454 179412838
1454 1455 689909093
1455 1456 211923257
1456 1457 10391866
1457 1458 923504955
1458 1459 721975612
1459 1460 788747581
1460 1461 587216190
1461 1462 500333375
1462 1463 298804032
1463 1464 549030193
1464 1465 347498802
1465 1466 260611891
1466 1467 59082548
1467 1468 125862709
1468 1469 924331318
1469 1470 837448503
1470 1471 635919160
1471 1472 736153218
1472 1473 937195137
1473 1474 239748
1474 1475 201279619
1475 1476 464748166
1476 1477 665790085
1477 1478 728830600
1478 1479 929870471
1479 1480 73268362
1480 1481 274310281
1481 1482 337354892
1482 1483 538394763
1483 1484 801855118
1484 1485 2897037
1485 1486 65937552
1486 1487 266977423
1487 1488 272098003
1488 1489 5296340
1489 1490 536182481
1490 1491 269382866
1491 1492 692951
1492 1493 733891288
1493 1494 264773333
1494 1495 997973718
1495 1496 609213147
1496 1497 342411484
1497 1498 873297625
1498 1499 606498010
1499 1500 337799903
1500 1501 70998240
1501 1502 601880285
1502 1503 335080670
1503 1504 648021544
1504 1505 158519847
1505 1506 976486438
1506 1507 486982693
1507 1508 376612388
1508 1509 887110691
1509 1510 705081378
1510 1511 215577633
1511 1512 985136688
1512 1513 495634991
1513 1514 313601582
1514 1515 824097837
1515 1516 713719340
1516 1517 224217643
1517 1518 42188330
1518 1519 552684585
1519 1520 306059381
1520 1521 104527990
1521 1522 634522231
1522 1523 432992888
1523 1524 34650225
1524 1525 833118834
1525 1526 363117171
1526 1527 161587828
1527 1528 643174525
1528 1529 441643134
1529 1530 971637375
1530 1531 770108032
1531 1532 371757177
1532 1533 170225786
1533 1534 700224123
1534 1535 498694780
1535 1536 911110759
1536 1537 113687656
1537 1538 826827877
1538 1539 29406822
1539 1540 717301859
1540 1541 919878756
1541 1542 633023073
1542 1543 835602018
1543 1544 477192815
1544 1545 679769712
1545 1546 392909933
1546 1547 595488878
1547 1548 283392107
1548 1549 485969004
1549 1550 199113321
1550 1551 401692266
1551 1552 989168694
1552 1553 479719989
1553 1554 904887864
1554 1555 395437111
1555 1556 795359794
1556 1557 285911089
1557 1558 711083060
1558 1559 201632307
1559 1560 555250750
1560 1561 45802045
1561 1562 470969920
1562 1563 961519167
1563 1564 361450042
1564 1565 852001337
1565 1566 277173308
1566 1567 767722555
1567 1568 283325121
1568 1569 549075138
1569 1570 775056579
1570 1571 40808644
1571 1572 89520325
1572 1573 355270342
1573 1574 581247687
1574 1575 846999752
1575 1576 849407177
1576 1577 115157194
1577 1578 341138635
1578 1579 606890700
1579 1580 655610573
1580 1581 921360590
1581 1582 147337935
1582 1583 413090000
1583 1584 239290004
1584 1585 37200531
1585 1586 731023506
1586 1587 528931985
1587 1588 45485208
1588 1589 843395735
1589 1590 537214614
1590 1591 335123093
1591 1592 805372060
1592 1593 603282587
1593 1594 297105562
1594 1595 95014041
1595 1596 611575456
1596 1597 409485983
1597 1598 103304862
1598 1599 901213341
1599 1600 760930091
1600 1601 963506988
1601 1602 805156137
1602 1603 7735082
1603 1604 695894319
1604 1605 898471216
1605 1606 740124461
1606 1607 942703406
1607 1608 327020323
1608 1609 529597220
1609 1610 371246369
1610 1611 573825314
1611 1612 261976359
1612 1613 464553256
1613 1614 306206501
1614 1615 508785446
1615 1616 838988154
1616 1617 329539449
1617 1618 883216252
1618 1619 373765499
1619 1620 773952382
1620 1621 264503677
1621 1622 818184576
1622 1623 308733823
1623 1624 405078386
1624 1625 895629681
1625 1626 449306484
1626 1627 939855731
1627 1628 340034422
1628 1629 830585717
1629 1630 384266616
1630 1631 874815863
1631 1632 889023885
1632 1633 154773902
1633 1634 997505423
1634 1635 263257488
1635 1636 823992201
1636 1637 89742218
1637 1638 932469643
1638 1639 198221708
1639 1640 455114117
1640 1641 720864134
1641 1642 563595655
1642 1643 829347720
1643 1644 390074241
1644 1645 655824258
1645 1646 498551683
1646 1647 764303748
1647 1648 844988896
1648 1649 642899423
1649 1650 953472478
1650 1651 751380957
1651 1652 779957212
1652 1653 577867739
1653 1654 888436698
1654 1655 686345177
1655 1656 411079128
1656 1657 208989655
1657 1658 519562710
1658 1659 317471189
1659 1660 346039252
1660 1661 143949779
1661 1662 454518738
1662 1663 252427217
1663 1664 494743807
1664 1665 563104000
1665 1666 410460925
1666 1667 478823166
1667 1668 534697211
1668 1669 603057404
1669 1670 450418425
1670 1671 518780666
1671 1672 317815031
1672 1673 386175224
1673 1674 233532149
1674 1675 301894390
1675 1676 357776627
1676 1677 426136820
1677 1678 273497841
1678 1679 341860082
1679 1680 572801710
1680 1681 929136301
1681 1682 488520880
1682 1683 844853423
1683 1684 612755114
1684 1685 969089705
1685 1686 528478380
1686 1687 884810923
1687 1688 395872934
1688 1689 752207525
1689 1690 311592104
1690 1691 667924647
1691 1692 435834530
1692 1693 792169121
1693 1694 351557796
1694 1695 707890339
1695 1696 866957913
1696 1697 998491226
1697 1698 358689371
1698 1699 490224732
1699 1700 906915421
1700 1701 38448734
1701 1702 398642783
1702 1703 530178144
1703 1704 690029137
1704 1705 821562450
1705 1706 181760595
1706 1707 313295956
1707 1708 729994837
1708 1709 861528150
1709 1710 221722199
1710 1711 353257560
1711 1712 822922764
1712 1713 486616587
1713 1714 314656266
1714 1715 978348041
1715 1716 862880272
1716 1717 526574095
1717 1718 354609678
1718 1719 18301453
1719 1720 645993988
1720 1721 309687811
1721 1722 137727490
1722 1723 801419265
1723 1724 685959688
1724 1725 349653511
1725 1726 177689094
1726 1727 841380869
1727 1728 833066419
1728 1729 901426612
1729 1730 877292465
1730 1731 945654706
1731 1732 24786359
1732 1733 93146552
1733 1734 69016501
1734 1735 137378742
1735 1736 656145851
1736 1737 724506044
1737 1738 700371897
1738 1739 768734138
1739 1740 847857599
1740 1741 916217792
1741 1742 892087741
1742 1743 960449982
1743 1744 911124450
1744 1745 267459041
1745 1746 955352548
1746 1747 311685091
1747 1748 102844390
1748 1749 459178981
1749 1750 147076584
1750 1751 503409127
1751 1752 734203882
1752 1753 90538473
1753 1754 778431980
1754 1755 134764523
1755 1756 925915630
1756 1757 282250221
1757 1758 970147824
1758 1759 326480367
1759 1760 961159957
1760 1761 92693270
1761 1762 69641495
1762 1763 201176856
1763 1764 152883985
1764 1765 284417298
1765 1766 261361427
1766 1767 392896788
1767 1768 784239389
1768 1769 915772702
1769 1770 892720927
1770 1771 24256288
1771 1772 975955225
1772 1773 107488538
1773 1774 84432667
1774 1775 215968028
1775 1776 917124936
1776 1777 580818759
1777 1778 25608518
1778 1779 689300293
1779 1780 108848964
1780 1781 772542787
1781 1782 217328450
1782 1783 881020225
1783 1784 740204368
1784 1785 403898191
1785 1786 848687950
1786 1787 512379725
1787 1788 931920204
1788 1789 595614027
1789 1790 40399690
1790 1791 704091465
1791 1792 31603576
1792 1793 490004855
1793 1794 678887286
1794 1795 137286517
1795 1796 837794676
1796 1797 296195955
1797 1798 485082482
1798 1799 943481713
1799 1800 64685952
1800 1801 523087231
1801 1802 711969662
1802 1803 170368893
1803 1804 870885244
1804 1805 329286523
1805 1806 518173050
1806 1807 976572281
1807 1808 717712677
1808 1809 464084262
1809 1810 364994343
1810 1811 111367976
1811 1812 523903777
1812 1813 270275362
1813 1814 171189539
1814 1815 917563172
1815 1816 750795053
1816 1817 497166638
1817 1818 398076719
1818 1819 144450352
1819 1820 556994345
1820 1821 303365930
1821 1822 204280107
1822 1823 950653740
1823 1824 403817938
1824 1825 925392337
1825 1826 627115988
1826 1827 148688339
1827 1828 210013142
1828 1829 731587541
1829 1830 433307096
1830 1831 954879447
1831 1832 436900314
1832 1833 958474713
1833 1834 660198364
1834 1835 181770715
1835 1836 243103710
1836 1837 764678109
1837 1838 466397664
1838 1839 987970015
1839 1840 967833987
1840 1841 21564804
1841 1842 191129985
1842 1843 244862850
1843 1844 774029191
1844 1845 827760008
1845 1846 997321093
1846 1847 51053958
1847 1848 916363
1848 1849 54647180
1849 1850 224212361
1850 1851 277945226
1851 1852 807119759
1852 1853 860850576
1853 1854 30411661
1854 1855 84144526
1855 1856 881422396
1856 1857 339823675
1857 1858 657215034
1858 1859 115614265
1859 1860 816386624
1860 1861 274787903
1861 1862 592183358
1862 1863 50582589
1863 1864 914512948
1864 1865 372914227
1865 1866 690305586
1866 1867 148704817
1867 1868 849468984
1868 1869 307870263
1869 1870 625265718
1870 1871 83664949
1871 1872 567531625
1872 1873 313903210
1873 1874 343322219
1874 1875 89695852
1875 1876 502495853
1876 1877 248867438
1877 1878 278290543
1878 1879 24664176
1879 1880 600622177
1880 1881 346993762
1881 1882 376412771
1882 1883 122786404
1883 1884 535578213
1884 1885 281949798
1885 1886 311372903
1886 1887 57746536
1887 1888 9516190
1888 1889 531090589
1889 1890 849564320
1890 1891 371136671
1891 1892 944484506
1892 1893 466058905
1893 1894 784528540
1894 1895 306100891
1895 1896 42606742
1896 1897 564181141
1897 1898 882654872
1898 1899 404227223
1899 1900 977566866
1900 1901 499141265
1901 1902 817610900
1902 1903 339183251
1903 1904 573532367
1904 1905 627263184
1905 1906 413578445
1906 1907 467311310
1907 1908 508500683
1908 1909 562231500
1909 1910 348542665
1910 1911 402275530
1911 1912 606622919
1912 1913 660353736
1913 1914 446668997
1914 1915 500401862
1915 1916 541583043
1916 1917 595313860
1917 1918 381625025
1918 1919 435357890
1919 1920 591718896
1920 1921 915903471
1921 1922 239002606
1922 1923 563185133
1923 1924 631672300
1924 1925 955856875
1925 1926 278960106
1926 1927 603142633
1927 1928 928825832
1928 1929 253010407
1929 1930 576109542
1930 1931 900292069
1931 1932 968787428
1932 1933 292972003
1933 1934 616075234
1934 1935 940257761
1935 1936 277828029
1936 1937 889982910
1937 1938 925109695
1938 1939 537266624
1939 1940 317781433
1940 1941 929936314
1941 1942 965067195
1942 1943 577224124
1943 1944 614934965
1944 1945 227089846
1945 1946 262216631
1946 1947 874373560
1947 1948 654896561
1948 1949 267051442
1949 1950 302182323
1950 1951 914339252
1951 1952 963933002
1952 1953 351290697
1953 1954 187231052
1954 1955 574586699
1955 1956 3890510
1956 1957 391248205
1957 1958 227184464
1958 1959 614540111
1959 1960 301039938
1960 1961 688397633
1961 1962 524337988
1962 1963 911693635
1963 1964 341005638
1964 1965 728363333
1965 1966 564299592
1966 1967 951655239
1967 1968 527949083
1968 1969 447463196
1969 1970 751245081
1970 1971 670761242
1971 1972 567906591
1972 1973 487420704
1973 1974 791198493
1974 1975 710714654
1975 1976 865056019
1976 1977 784570132
1977 1978 88352017
1978 1979 7868178
1979 1980 905021719
1980 1981 824535832
1981 1982 128313621
1982 1983 47829782
1983 1984 930040996
1984 1985 254225571
1985 1986 705833634
1986 1987 30016161
1987 1988 121760936
1988 1989 445945511
1989 1990 897557670
1990 1991 221740197
1991 1992 267156140
1992 1993 591340715
1993 1994 42948778
1994 1995 367131305
1995 1996 458867888
1996 1997 783052463
1997 1998 234664622
1998 1999 558847149
1999 2000 616150257
2000 2001 228305138
2001 2002 391940851
2002 2003 4097780
2003 2004 807870197
2004 2005 420025078
2005 2006 583664887
2006 2007 195821816
2007 2008 953265401
2008 2009 565420282
2009 2010 729055995
2010 2011 341212924
2011 2012 144977149
2012 2013 757132030
2013 2014 920771839
2014 2015 532928768
2015 2016 58134534
2016 2017 445492229
2017 2018 898182664
2018 2019 285538311
2019 2020 249858562
2020 2021 637216257
2021 2022 89902596
2022 2023 477258243
2023 2024 395249678
2024 2025 782607373
2025 2026 235297808
2026 2027 622653455
2027 2028 586965514
2028 2029 974323209
2029 2030 427009548
2030 2031 814365195
2031 2032 622150743
2032 2033 541664856
2033 2034 462196821
2034 2035 381712982
2035 2036 813874771
2036 2037 733388884
2037 2038 653916753
2038 2039 573432914
2039 2040 959265887
2040 2041 878780000
2041 2042 799311965
2042 2043 718828126
2043 2044 150981723
2044 2045 70495836
2045 2046 991023705
2046 2047 910539866
2047 2048 340242057
2048 2049 420728970
2049 2050 500195979
2050 2051 580680844
2051 2052 148526221
2052 2053 229013134
2053 2054 308484239
2054 2055 388969104
2055 2056 26374273
2056 2057 106861186
2057 2058 186328195
2058 2059 266813060
2059 2060 834650245
2060 2061 915137158
2061 2062 994608263
2062 2063 75093128
2063 2064 214724828
2064 2065 827368155
2065 2066 374676698
2066 2067 987322073
2067 2068 23008992
2068 2069 635652319
2069 2070 182964958
2070 2071 795610333
2071 2072 900857044
2072 2073 513500371
2073 2074 60808914
2074 2075 673454289
2075 2076 709133016
2076 2077 321776343
2077 2078 869088982
2078 2079 481734357
2079 2080 384170543
2080 2081 772016688
2081 2082 608379949
2082 2083 996224046
2083 2084 192458795
2084 2085 580304940
2085 2086 416664105
2086 2087 804508202
2087 2088 70302759
2088 2089 458148904
2089 2090 294512165
2090 2091 682356262
2091 2092 878582819
2092 2093 266428964
2093 2094 102788129
2094 2095 490632226
2095 2096 380746366
2096 2097 56562813
2097 2098 604953728
2098 2099 280772223
2099 2100 189034618
2100 2101 864851065
2101 2102 413237884
2102 2103 89056379
2103 2104 66878582
2104 2105 742695029
2105 2106 291085944
2106 2107 966904439
2107 2108 875158642
2108 2109 550975089
2109 2110 99361908
2110 2111 775180403
2111 2112 358596549
2112 2113 439083462
2113 2114 135300551
2114 2115 215785416
2115 2116 318630849
2116 2117 399117762
2117 2118 95338947
2118 2119 175823812
2119 2120 44720589
2120 2121 125207502
2121 2122 821424591
2122 2123 901909456
2123 2124 4763081
2124 2125 85249994
2125 2126 781471179
2126 2127 861956044
2127 2128 233079192
2128 2129 845722519
2129 2130 9781142
2130 2131 622426517
2131 2132 193113492
2132 2133 805756819
2133 2134 969819538
2134 2135 582464913
2135 2136 919203232
2136 2137 531846559
2137 2138 695905182
2138 2139 308550557
2139 2140 879245724
2140 2141 491889051
2141 2142 655951770
2142 2143 268597145
2143 2144 646645603
2144 2145 34491748
2145 2146 999363937
2146 2147 387208034
2147 2148 606684007
2148 2149 994530152
2149 2150 959398245
2150 2151 347242342
2151 2152 332769643
2152 2153 720615788
2153 2154 685487977
2154 2155 73332074
2155 2156 292816239
2156 2157 680662384
2157 2158 645530477
2158 2159 33374574
2159 2160 643221298
2160 2161 319037745
2161 2162 995937588
2162 2163 671756083
2163 2164 603259702
2164 2165 279076149
2165 2166 955971896
2166 2167 631790391
2167 2168 329345338
2168 2169 5161785
2169 2170 682061628
2170 2171 357880123
2171 2172 289391934
2172 2173 965208381
2173 2174 642104128
2174 2175 317922623
2175 2176 40011793
2176 2177 986279954
2177 2178 199965715
2178 2179 146231828
2179 2180 105051669
2180 2181 51319830
2181 2182 265009687
2182 2183 211275800
2183 2184 983690265
2184 2185 929958426
2185 2186 143644187
2186 2187 89910300
2187 2188 48721949
2188 2189 994990110
2189 2190 208679967
2190 2191 154946080
2191 2192 914494532
2192 2193 392919107
2193 2194 74446402
2194 2195 552873025
2195 2196 979534408
2196 2197 457958983
2197 2198 139490374
2198 2199 617916997
2199 2200 858173004
2200 2201 336597579
2201 2202 18124874
2202 2203 496551497
2203 2204 923204688
2204 2205 401629263
2205 2206 83160654
2206 2207 561587277
2207 2208 83940535
2208 2209 337567928
2209 2210 308149941
2210 2211 561775286
2211 2212 148984499
2212 2213 402611892
2213 2214 373189809
2214 2215 626815154
2215 2216 27619007
2216 2217 281246400
2217 2218 251828413
2218 2219 505453758
2219 2220 92654779
2220 2221 346282172
2221 2222 316860089
2222 2223 570485434
2223 2224 80516326
2224 2225 622114021
2225 2226 304723688
2226 2227 846323431
2227 2228 145560290
2228 2229 687157985
2229 2230 369763556
2230 2231 911363299
2231 2232 24194798
2232 2233 565792493
2233 2234 248402160
2234 2235 790001903
2235 2236 89230570
2236 2237 630828265
2237 2238 313433836
2238 2239 855033579
2239 2240 569863005
2240 2241 516131166
2241 2242 346567007
2242 2243 292833120
2243 2244 763659609
2244 2245 709927770
2245 2246 540367707
2246 2247 486633820
2247 2248 513533269
2248 2249 459801430
2249 2250 290237271
2250 2251 236503384
2251 2252 707338065
2252 2253 653606226
2253 2254 484046163
2254 2255 430312276
2255 2256 444345616
2256 2257 922770191
2257 2258 221047566
2258 2259 699474189
2259 2260 638142220
2260 2261 116566795
2261 2262 414848266
2262 2263 893274889
2263 2264 388015880
2264 2265 866440455
2265 2266 164717830
2266 2267 643144453
2267 2268 581820676
2268 2269 60245251
2269 2270 358526722
2270 2271 836953345
2271 2272 857912315
2272 2273 111539708
2273 2274 210630649
2274 2275 464255994
2275 2276 51713023
2276 2277 305340416
2277 2278 404427261
2278 2279 658052606
2279 2280 801582579
2280 2281 55209972
2281 2282 154300913
2282 2283 407926258
2283 2284 995391479
2284 2285 249018872
2285 2286 348105717
2286 2287 601731062
2287 2288 854487978
2288 2289 396085673
2289 2290 207204268
2290 2291 748804011
2291 2292 48288686
2292 2293 589886381
2293 2294 401000880
2294 2295 942600623
2295 2296 798158242
2296 2297 339755937
2297 2298 150874532
2298 2299 692474275
2299 2300 991967142
2300 2301 533564837
2301 2302 344679336
2302 2303 886279079
2303 2304 507510170
2304 2305 843817369
2305 2306 399026588
2306 2307 735335835
2307 2308 315794334
2308 2309 652101533
2309 2310 207314848
2310 2311 543624095
2311 2312 661166994
2312 2313 997474193
2313 2314 552683412
2314 2315 888992659
2315 2316 469442966
2316 2317 805750165
2317 2318 360963480
2318 2319 697272727
2319 2320 895969227
2320 2321 764436940
2321 2322 787487689
2322 2323 655953354
2323 2324 704253391
2324 2325 572721104
2325 2326 595775949
2326 2327 464241614
2327 2328 49626051
2328 2329 918093764
2329 2330 941144513
2330 2331 809610178
2331 2332 857902023
2332 2333 726369736
2333 2334 749424581
2334 2335 617890246
2335 2336 551438656
2336 2337 195105087
2337 2338 507210558
2338 2339 150879037
2339 2340 359726908
2340 2341 3393339
2341 2342 315494714
2342 2343 959163193
2343 2344 705095480
2344 2345 348761911
2345 2346 660867382
2346 2347 304535861
2347 2348 513375540
2348 2349 157041971
2349 2350 469143346
2350 2351 112811825
2351 2352 61990765
2352 2353 993631598
2353 2354 17764719
2354 2355 949403504
2355 2356 870279017
2356 2357 801919850
2357 2358 826048875
2358 2359 757687660
2359 2360 215647589
2360 2361 147288422
2361 2362 171421543
2362 2363 103060328
2363 2364 23927649
2364 2365 955568482
2365 2366 979697507
2366 2367 911336292
2367 2368 525864150
2368 2369 862171349
2369 2370 34130648
2370 2371 370439895
2371 2372 485898450
2372 2373 822205649
2373 2374 994169044
2374 2375 330478291
2375 2376 679512798
2376 2377 15819997
2377 2378 187779296
2378 2379 524088543
2379 2380 639555290
2380 2381 975862489
2381 2382 147825884
2382 2383 484135131
2383 2384 914323079
2384 2385 782790792
2385 2386 422591621
2386 2387 291057286
2387 2388 874357379
2388 2389 742825092
2389 2390 382630017
2390 2391 251095682
2391 2392 67971727
2392 2393 936439440
2393 2394 576240269
2394 2395 444705934
2395 2396 28014219
2396 2397 896481932
2397 2398 536286857
2398 2399 404752522
2399 2400 813913204
2400 2401 457579635
2401 2402 898194034
2402 2403 541862513
2403 2404 773951608
2404 2405 417618039
2405 2406 858228342
2406 2407 501896821
2407 2408 967561852
2408 2409 611228283
2409 2410 51842682
2410 2411 695511161
2411 2412 927608448
2412 2413 571274879
2413 2414 11885182
2414 2415 655553661
2415 2416 324465185
2416 2417 256106018
2417 2418 408748067
2418 2419 340386852
2419 2420 284503589
2420 2421 216144422
2421 2422 368782375
2422 2423 300421160
2423 2424 478113833
2424 2425 409754666
2425 2426 562396715
2426 2427 494035500
2427 2428 438160429
2428 2429 369801262
2429 2430 522439215
2430 2431 454078000
2431 2432 184286466
2432 2433 386374913
2433 2434 75802884
2434 2435 277893379
2435 2436 249326342
2436 2437 451414789
2437 2438 140846856
2438 2439 342937351
2439 2440 641476362
2440 2441 843564809
2441 2442 532992780
2442 2443 735083275
2443 2444 706508046
2444 2445 908596493
2445 2446 598028560
2446 2447 800119055
2447 2448 572745555
2448 2449 306994516
2449 2450 464264017
2450 2451 198510930
2451 2452 637785431
2452 2453 372034392
2453 2454 529307989
2454 2455 263554902
2455 2456 29935451
2456 2457 764184412
2457 2458 921453913
2458 2459 655700826
2459 2460 94967135
2460 2461 829216096
2461 2462 986489693
2462 2463 720736606
2463 2464 228215208
2464 2465 737662887
2465 2466 183987110
2466 2467 693436837
2467 2468 293259172
2468 2469 802706851
2469 2470 249026978
2470 2471 758476705
2471 2472 685405104
2472 2473 194852783
2473 2474 641177006
2474 2475 150626733
2475 2476 750440876
2476 2477 259888555
2477 2478 706208682
2478 2479 215658409
2479 2480 738767349
2480 2481 536189430
2481 2482 694541303
2482 2483 491961336
2483 2484 803811313
2484 2485 601233394
2485 2486 759581171
2486 2487 557001204
2487 2488 195957245
2488 2489 993379326
2489 2490 151731199
2490 2491 949151232
2491 2492 260993017
2492 2493 58415098
2493 2494 216762875
2494 2495 14182908
2495 2496 714137166
2496 2497 916225613
2497 2498 222403664
2498 2499 424494159
2499 2500 907933770
2500 2501 110022217
2501 2502 416204364
2502 2503 618294859
2503 2504 171318854
2504 2505 373407301
2505 2506 679585352
2506 2507 881675847
2507 2508 365123650
2508 2509 567212097
2509 2510 873394244
2510 2511 75484739
2511 2512 102596127
2512 2513 836845088
2513 2514 610864669
2514 2515 345111582
2515 2516 296392731
2516 2517 30641692
2517 2518 804665369
2518 2519 538912282
2519 2520 559777815
2520 2521 294026776
2521 2522 68046357
2522 2523 802293270
2523 2524 753582611
2524 2525 487831572
2525 2526 261855249
2526 2527 996102162
2527 2528 2186476
2528 2529 511634155
2529 2530 86467306
2530 2531 595917033
2531 2532 195987184
2532 2533 705434863
2533 2534 280263918
2534 2535 789713645
2535 2536 459368164
2536 2537 968815843
2537 2538 543648994
2538 2539 53098721
2539 2540 653177064
2540 2541 162624743
2541 2542 737453798
2542 2543 246903525
2543 2544 512738489
2544 2545 310160570
2545 2546 597021371
2546 2547 394441404
2547 2548 706539197
2548 2549 503961278
2549 2550 790817983
2550 2551 588238016
2551 2552 969920177
2552 2553 767342258
2553 2554 54203059
2554 2555 851623092
2555 2556 163729077
2556 2557 961151158
2557 2558 248007863
2558 2559 45427896
2559 2560 675298475
2560 2561 876828844
2561 2562 346835625
2562 2563 548363946
2563 2564 946715823
2564 2565 148246192
2565 2566 618248877
2566 2567 819777198
2567 2568 361430691
2568 2569 562961060
2569 2570 32967841
2570 2571 234496162
2571 2572 632839847
2572 2573 834370216
2573 2574 304372901
2574 2575 505901222
2575 2576 605874938
2576 2577 95375609
2577 2578 277410044
2578 2579 766912763
2579 2580 877292286
2580 2581 366792957
2581 2582 548823296
2582 2583 38326015
2583 2584 292007154
2584 2585 781507825
2585 2586 963542260
2586 2587 453044979
2587 2588 563416310
2588 2589 52916981
2589 2590 234947320
2590 2591 724450039
2591 2592 747187725
2592 2593 13988366
2593 2594 483103247
2594 2595 749901840
2595 2596 18600969
2596 2597 285401610
2597 2598 754520587
2598 2599 21319180
2599 2600 433319941
2600 2601 700120582
2601 2602 169235463
2602 2603 436034056
2603 2604 704724993
2604 2605 971525634
2605 2606 440644611
2606 2607 707443204
2607 2608 555671136
2608 2609 354628191
2609 2610 291584606
2610 2611 90543709
2611 2612 827084380
2612 2613 626041435
2613 2614 563001946
2614 2615 361961049
2615 2616 241803352
2616 2617 40760407
2617 2618 977716822
2618 2619 776675925
2619 2620 513208404
2620 2621 312165459
2621 2622 249125970
2622 2623 48085073
2623 2624 693587431
2624 2625 895117800
2625 2626 982005733
2626 2627 183534054
2627 2628 116754915
2628 2629 318285284
2629 2630 405169121
2630 2631 606697442
2631 2632 379711471
2632 2633 581241840
2633 2634 668129773
2634 2635 869658094
2635 2636 802887147
2636 2637 4417516
2637 2638 91301353
2638 2639 292829674
2639 2640 624163766
2640 2641 113664437
2641 2642 912580024
2642 2643 402082743
2643 2644 47331250
2644 2645 536831921
2645 2646 335743412
2646 2647 825246131
2647 2648 310287806
2648 2649 799788477
2649 2650 598704064
2650 2651 88206783
2651 2652 733463482
2652 2653 222964153
2653 2654 21875644
2654 2655 511378363
2655 2656 9728321
2656 2657 276528962
2657 2658 874021699
2658 2659 140820292
2659 2660 432891717
2660 2661 699692358
2661 2662 297189191
2662 2663 563987784
2663 2664 695852361
2664 2665 962653002
2665 2666 560145739
2666 2667 826944332
2667 2668 119023949
2668 2669 385824590
2669 2670 983321423
2670 2671 250120016
2671 2672 818211604
2672 2673 617168659
2673 2674 682502930
2674 2675 481462033
2675 2676 241375000
2676 2677 40332055
2677 2678 105670422
2678 2679 904629525
2679 2680 504335644
2680 2681 303292699
2681 2682 368626970
2682 2683 167586073
2683 2684 927507232
2684 2685 726464287
2685 2686 791802654
2686 2687 590761757
2687 2688 375067187
2688 2689 442380852
2689 2690 46604337
2690 2691 113915954
2691 2692 903240247
2692 2693 970553912
2693 2694 574773301
2694 2695 642084918
2695 2696 318745659
2696 2697 386059324
2697 2698 990282809
2698 2699 57594426
2699 2700 846910527
2700 2701 914224192
2701 2702 518443581
2702 2703 585755198
2703 2704 305643618
2704 2705 660927585
2705 2706 977178724
2706 2707 332464739
2707 2708 833816678
2708 2709 189100645
2709 2710 505347688
2710 2711 860633703
2711 2712 249322090
2712 2713 604606057
2713 2714 920857196
2714 2715 276143211
2715 2716 777486958
2716 2717 132770925
2717 2718 449017968
2718 2719 804303983
2719 2720 446956693
2720 2721 579540630
2721 2722 182872215
2722 2723 315454104
2723 2724 975125649
2724 2725 107709586
2725 2726 711045267
2726 2727 843627156
2727 2728 390635165
2728 2729 523219102
2729 2730 126550687
2730 2731 259132576
2731 2732 918795929
2732 2733 51379866
2733 2734 654715547
2734 2735 787297436
2735 2736 255440072
2736 2737 920180423
2737 2738 991353542
2738 2739 656095941
2739 2740 783609028
2740 2741 448349379
2741 2742 519526594
2742 2743 184268993
2743 2744 199118544
2744 2745 863858895
2745 2746 935032014
2746 2747 599774413
2747 2748 727279308
2748 2749 392019659
2749 2750 463196874
2750 2751 127939273
2751 2752 904852863
2752 2753 972166528
2753 2754 193271165
2754 2755 260582782
2755 2756 561782651
2756 2757 629096316
2757 2758 850196857
2758 2759 917508474
2759 2760 848523127
2760 2761 915836792
2761 2762 136941429
2762 2763 204253046
2763 2764 505461107
2764 2765 572774772
2765 2766 793875313
2766 2767 861186930
2767 2768 835429166
2768 2769 190713133
2769 2770 123845424
2770 2771 479131439
2771 2772 492358954
2772 2773 847642921
2773 2774 780771116
2774 2775 136057131
2775 2776 779099430
2776 2777 134383397
2777 2778 67515688
2778 2779 422801703
2779 2780 436037410
2780 2781 791321377
2781 2782 724449572
2782 2783 79735587
2783 2784 220994009
2784 2785 353577946
2785 2786 85287387
2786 2787 217869276
2787 2788 877919709
2788 2789 10503646
2789 2790 742217183
2790 2791 874799072
2791 2792 164664273
2792 2793 297248210
2793 2794 28957651
2794 2795 161539540
2795 2796 821598165
2796 2797 954182102
2797 2798 685895639
2798 2799 818477528
2799 2800 29477260
2800 2801 694217611
2801 2802 893768586
2802 2803 558510985
2803 2804 686402960
2804 2805 351143311
2805 2806 550698382
2806 2807 215440781
2807 2808 973147524
2808 2809 637887875
2809 2810 837438850
2810 2811 502181249
2811 2812 630081416
2812 2813 294821767
2813 2814 494376838
2814 2815 159119237
2815 2816 795531196
2816 2817 252881851
2817 2818 198630842
2818 2819 655983545
2819 2820 66948544
2820 2821 524299199
2821 2822 470044094
2822 2823 927396797
2823 2824 949188020
2824 2825 406538675
2825 2826 352287666
2826 2827 809640369
2827 2828 220597176
2828 2829 677947831
2829 2830 623692726
2830 2831 81045429
2831 2832 334154729
2832 2833 79479786
2833 2834 737256427
2834 2835 482579436
2835 2836 605572077
2836 2837 350897134
2837 2838 8669679
2838 2839 753992688
2839 2840 487811553
2840 2841 233136610
2841 2842 890913251
2842 2843 636236260
2843 2844 759220709
2844 2845 504545766
2845 2846 162318311
2846 2847 907641320
2847 2848 867420446
2848 2849 390041373
2849 2850 334898464
2850 2851 857521439
2851 2852 138833690
2852 2853 661454617
2853 2854 606315804
2854 2855 128938779
2855 2856 21077270
2856 2857 543698197
2857 2858 488555288
2858 2859 11178263
2859 2860 292482322
2860 2861 815103249
2861 2862 759964436
2862 2863 282587411
2863 2864 283950927
2864 2865 338732368
2865 2866 751430989
2866 2867 806210382
2867 2868 555364171
2868 2869 610145612
2869 2870 22848329
2870 2871 77627722
2871 2872 437607751
2872 2873 492389192
2873 2874 905087813
2874 2875 959867206
2875 2876 709012803
2876 2877 763794244
2877 2878 176496961
2878 2879 231276354
2879 2880 813819640
2880 2881 271170295
2881 2882 833800438
2882 2883 291153141
2883 2884 236987124
2884 2885 694337779
2885 2886 256963826
2886 2887 714316529
2887 2888 967468288
2888 2889 424818943
2889 2890 987449086
2890 2891 444801789
2891 2892 390643964
2892 2893 847994619
2893 2894 410620666
2894 2895 867973369
2895 2896 352443045
2896 2897 97768102
2897 2898 372425895
2898 2899 117748904
2899 2900 775610529
2900 2901 520935586
2901 2902 795589283
2902 2903 540912292
2903 2904 506091693
2904 2905 251416750
2905 2906 526074543
2906 2907 271397552
2907 2908 929267369
2908 2909 674592426
2909 2910 949246123
2910 2911 694569132
2911 2912 129960530
2912 2913 652581457
2913 2914 725816404
2914 2915 248439379
2915 2916 553123926
2916 2917 75744853
2917 2918 148983896
2918 2919 671606871
2919 2920 283609178
2920 2921 806230105
2921 2922 879465052
2922 2923 402088027
2923 2924 706780766
2924 2925 229401693
2925 2926 302640736
2926 2927 825263711
2927 2928 546490883
2928 2929 601272324
2929 2930 142348801
2930 2931 197128194
2931 2932 969654279
2932 2933 24435720
2933 2934 565516293
2934 2935 620295686
2935 2936 700139531
2936 2937 754920972
2937 2938 295997449
2938 2939 350776842
2939 2940 123311119
2940 2941 178092560
2941 2942 719173133
2942 2943 773952526
2943 2944 472306468
2944 2945 795440419
2945 2946 875406114
2946 2947 198542113
2947 2948 479528
2948 2949 323613479
2949 2950 403575078
2950 2951 726711077
2951 2952 929496364
2952 2953 252630315
2953 2954 332596010
2954 2955 655732009
2955 2956 457661232
2956 2957 780795183
2957 2958 860756782
2958 2959 183892781
2959 2960 10930033
2960 2961 622038386
2961 2962 414031731
2962 2963 25138036
2963 2964 539103093
2964 2965 150211446
2965 2966 942200695
2966 2967 553307000
2967 2968 468119929
2968 2969 79228282
2969 2970 871221627
2970 2971 482327932
2971 2972 996284797
2972 2973 607393150
2973 2974 399382399
2974 2975 10488704
2975 2976 544195974
2976 2977 932600197
2977 2978 11673992
2978 2979 400080263
2979 2980 72364930
2980 2981 460769153
2981 2982 539847044
2982 2983 928253315
2983 2984 1385870
2984 2985 389790093
2985 2986 468863888
2986 2987 857270159
2987 2988 529546634
2988 2989 917950857
2989 2990 997028748
2990 2991 385435019
2991 2992 960726487
2992 2993 881291224
2993 2994 428206549
2994 2995 348769238
2995 2996 488895443
2996 2997 409460180
2997 2998 956379601
2998 2999 876942290
2999 3000 417916383
3000 3001 338481120
3001 3002 885396445
3002 3003 805959134
3003 3004 946077147
3004 3005 866641884
3005 3006 413561305
3006 3007 334123994
3007 3008 2091632
3008 3009 325225583
3009 3010 22072430
3010 3011 345208429
3011 3012 659021420
3012 3013 982155371
3013 3014 678998122
3014 3015 2134121
3015 3016 459273320
3016 3017 782407271
3017 3018 479254118
3018 3019 802390117
3019 3020 116211300
3020 3021 439345251
3021 3022 136188002
3022 3023 459324001
3023 3024 540715069
3024 3025 151823422
3025 3026 560697919
3026 3027 171804224
3027 3028 197644857
3028 3029 808753210
3029 3030 217623611
3030 3031 828729916
3031 3032 997896757
3032 3033 609005110
3033 3034 17879607
3034 3035 628985912
3035 3036 654834737
3036 3037 265943090
3037 3038 674813491
3038 3039 285919796
3039 3040 318232778
3040 3041 706637001
3041 3042 914088652
3042 3043 302494923
3043 3044 975158478
3044 3045 363562701
3045 3046 571018448
3046 3047 959424719
3047 3048 775414466
3048 3049 163818689
3049 3050 371270340
3050 3051 759676611
3051 3052 432348358
3052 3053 820752581
3053 3054 28208328
3054 3055 416614599
3055 3056 734763163
3056 3057 655327900
3057 3058 330621081
3058 3059 251183770
3059 3060 391688863
3060 3061 312253600
3061 3062 987550877
3062 3063 908113566
3063 3064 191944851
3064 3065 112509588
3065 3066 787802769
3066 3067 708365458
3067 3068 848878743
3068 3069 769443480
3069 3070 444740757
3070 3071 365303446
3071 3072 822221517
3072 3073 901657806
3073 3074 226359503
3074 3075 305797840
3075 3076 653655753
3076 3077 733092042
3077 3078 57797835
3078 3079 137236172
3079 3080 434603717
3080 3081 514040006
3081 3082 838741703
3082 3083 918180040
3083 3084 266046145
3084 3085 345482434
3085 3086 670188227
3086 3087 749626564
3087 3088 696702112
3088 3089 308298911
3089 3090 100842142
3090 3091 712436893
3091 3092 528136348
3092 3093 139733147
3093 3094 932280474
3094 3095 543875225
3095 3096 309084312
3096 3097 920681111
3097 3098 713224342
3098 3099 324819093
3099 3100 140526740
3100 3101 752123539
3101 3102 544670866
3102 3103 156265617
3103 3104 978337387
3104 3105 367230060
3105 3106 958358633
3106 3107 347253354
3107 3108 809775727
3108 3109 198668400
3109 3110 789792877
3110 3111 178687598
3111 3112 590719587
3112 3113 979612260
3113 3114 570740833
3114 3115 959635554
3115 3116 422166119
3116 3117 811058792
3117 3118 402183269
3118 3119 791077990
3119 3120 974911034
3120 3121 651778105
3121 3122 954934332
3122 3123 631799355
3123 3124 806349374
3124 3125 483216445
3125 3126 786368576
3126 3127 463233599
3127 3128 587293234
3128 3129 264160305
3129 3130 567316532
3130 3131 244181555
3131 3132 418739766
3132 3133 95606837
3133 3134 398758968
3134 3135 75623991
3135 3136 270667137
3136 3137 350103426
3137 3138 803182979
3138 3139 882621316
3139 3140 254130053
3140 3141 333566342
3141 3142 786649991
3142 3143 866088328
3143 3144 883057545
3144 3145 962493834
3145 3146 415573387
3146 3147 495011724
3147 3148 866512269
3148 3149 945948558
3149 3150 399032207
3150 3151 478470544
3151 3152 145147860
3152 3153 756744659
3153 3154 677665746
3154 3155 289260497
3155 3156 128610776
3156 3157 740207575
3157 3158 661132758
3158 3159 272727509
3159 3160 757538268
3160 3161 369135067
3161 3162 290056154
3162 3163 901650905
3163 3164 740992992
3164 3165 352589791
3165 3166 273514974
3166 3167 885109725
3167 3168 182531367
3168 3169 571424040
3169 3170 779433765
3170 3171 168328486
3171 3172 165998371
3172 3173 554891044
3173 3174 762896673
3174 3175 151791394
3175 3176 794921775
3176 3177 183814448
3177 3178 391824173
3178 3179 780718894
3179 3180 778380587
3180 3181 167273260
3181 3182 375278889
3182 3183 764173610
3183 3184 179105142
3184 3185 855972213
3185 3186 776009592
3186 3187 452874615
3187 3188 162572146
3188 3189 839439217
3189 3190 759472500
3190 3191 436337523
3191 3192 791495550
3192 3193 468362621
3193 3194 388400000
3194 3195 65265023
3195 3196 774954362
3196 3197 451821433
3197 3198 371854716
3198 3199 48719739
3199 3200 521860181
3200 3201 467077718
3201 3202 925998167
3202 3203 871217752
3203 3204 610312273
3204 3205 555529810
3205 3206 14454355
3206 3207 959673940
3207 3208 391788637
3208 3209 337006174
3209 3210 795926623
3210 3211 741146208
3211 3212 480248921
3212 3213 425466458
3213 3214 884391003
3214 3215 829610588
3215 3216 396340744
3216 3217 873718791
3217 3218 800480774
3218 3219 277856773
3219 3220 484792836
3220 3221 962170883
3221 3222 888936962
3222 3223 366312961
3223 3224 266269200
3224 3225 743647247
3225 3226 670409230
3226 3227 147785229
3227 3228 354729484
3228 3229 832107531
3229 3230 758873610
3230 3231 236249609
3231 3232 677976307
3232 3233 932650228
3233 3234 657997553
3234 3235 912673522
3235 3236 766432503
3236 3237 21106424
3237 3238 746449653
3238 3239 1125622
3239 3240 547904763
3240 3241 802578684
3241 3242 527926009
3242 3243 782601978
3243 3244 636369151
3244 3245 891043072
3245 3246 616386301
3246 3247 871062270
3247 3248 674549922
3248 3249 217198241
3249 3250 654573220
3250 3251 197219491
3251 3252 763006118
3252 3253 305654437
3253 3254 743025320
3254 3255 285671591
3255 3256 544478378
3256 3257 87126697
3257 3258 524501676
3258 3259 67147947
3259 3260 632942766
3260 3261 175591085
3261 3262 612961968
3262 3263 155608239
3263 3264 482064665
3264 3265 427282202
3265 3266 14580507
3266 3267 959800092
3267 3268 699027741
3268 3269 644245278
3269 3270 231547679
3270 3271 176767264
3271 3272 352001297
3272 3273 297218834
3273 3274 884517139
3274 3275 829736724
3275 3276 568956181
3276 3277 514173718
3277 3278 101476119
3278 3279 46695704
3279 3280 356545356
3280 3281 833923403
3281 3282 889063242
3282 3283 366439241
3283 3284 573508432
3284 3285 50886479
3285 3286 106030414
3286 3287 583406413
3287 3288 226481988
3288 3289 703860035
3289 3290 758999874
3290 3291 236375873
3291 3292 443436872
3292 3293 920814919
3293 3294 975958854
3294 3295 453334853
3295 3296 393929151
3296 3297 648603072
3297 3298 990831549
3298 3299 245507518
3299 3300 610896315
3300 3301 865570236
3301 3302 207794617
3302 3303 462470586
3303 3304 263865783
3304 3305 518539704
3305 3306 860768181
3306 3307 115444150
3307 3308 480824755
3308 3309 735498676
3309 3310 77723057
3310 3311 332399026
3311 3312 390502894
3312 3313 933151213
3313 3314 987407344
3314 3315 530053615
3315 3316 607470058
3316 3317 150118377
3317 3318 204370412
3318 3319 747016683
3319 3320 260439526
3320 3321 803087845
3321 3322 857343976
3322 3323 399990247
3323 3324 477398498
3324 3325 20046817
3325 3326 74298852
3326 3327 616945123
3327 3328 989487582
3328 3329 324748253
3329 3330 125192160
3330 3331 460450783
3331 3332 820921818
3332 3333 156182489
3333 3334 956630492
3334 3335 291889115
3335 3336 69394390
3336 3337 404655061
3337 3338 205098968
3338 3339 540357591
3339 3340 900836818
3340 3341 236097489
3341 3342 36545492
3342 3343 371804115
3343 3344 377948559
3344 3345 245365648
3345 3346 513651085
3346 3347 381070222
3347 3348 209382795
3348 3349 76799884
3349 3350 345089417
3350 3351 212508554
3351 3352 457855367
3352 3353 325272456
3353 3354 593557893
3354 3355 460977030
3355 3356 289297795
3356 3357 156714884
3357 3358 425004417
3358 3359 292423554
3359 3360 145603452
3360 3361 790320507
3361 3362 857191290
3362 3363 501906297
3363 3364 977041792
3364 3365 621758847
3365 3366 688625534
3366 3367 333340541
3367 3368 225510260
3368 3369 870227315
3369 3370 937098098
3370 3371 581813105
3371 3372 56956792
3372 3373 701673847
3373 3374 768540534
3374 3375 413255541
3375 3376 656157481
3376 3377 588844842
3377 3378 367743275
3378 3379 300432684
3379 3380 487595821
3380 3381 420283182
3381 3382 199177519
3382 3383 131866928
3383 3384 736064289
3384 3385 668751650
3385 3386 447650083
3386 3387 380339492
3387 3388 567510821
3388 3389 500198182
3389 3390 279092519
3390 3391 211781928
3391 3392 437932690
3392 3393 773193361
3393 3394 702015124
3394 3395 37273747
3395 3396 421395606
3396 3397 756656277
3397 3398 685482136
3398 3399 20740759
3399 3400 517847706
3400 3401 853108377
3401 3402 781930140
3402 3403 117188763
3403 3404 501302430
3404 3405 836563101
3405 3406 765388960
3406 3407 100647583
3407 3408 826393795
3408 3409 693810884
3409 3410 90474177
3410 3411 957893314
3411 3412 809856711
3412 3413 677273800
3413 3414 73941189
3414 3415 941360326
3415 3416 906308811
3416 3417 773725900
3417 3418 170389193
3418 3419 37808330
3419 3420 889763535
3420 3421 757180624
3421 3422 153848013
3422 3423 21267150
3423 3424 349796920
3424 3425 994513975
3425 3426 678265910
3426 3427 322980917
3427 3428 333263924
3428 3429 977980979
3429 3430 661728818
3430 3431 306443825
3431 3432 429711936
3432 3433 74428991
3433 3434 758180926
3434 3435 402895933
3435 3436 413170748
3436 3437 57887803
3437 3438 741635642
3438 3439 386350649
3439 3440 860351077
3440 3441 793038438
3441 3442 188818023
3442 3443 121507432
3443 3444 843818081
3444 3445 776505442
3445 3446 172280931
3446 3447 104970340
3447 3448 940266093
3448 3449 872953454
3449 3450 268733039
3450 3451 201422448
3451 3452 923724905
3452 3453 856412266
3453 3454 252187755
3454 3455 184877164
3455 3456 666132806
3456 3457 867174725
3457 3458 801837384
3458 3459 2877255
3459 3460 754584898
3460 3461 955626817
3461 3462 890293572
3462 3463 91333443
3463 3464 49572686
3464 3465 250614605
3465 3466 185277264
3466 3467 386317135
3467 3468 138032970
3468 3469 339074889
3469 3470 273741644
3470 3471 474781515
3471 3472 54593815
3472 3473 787792152
3473 3474 190296341
3474 3475 923496726
3475 3476 143045907
3476 3477 876244244
3477 3478 278752529
3478 3479 11952914
3479 3480 438033695
3480 3481 171232032
3481 3482 573736221
3482 3483 306936606
3483 3484 526493979
3484 3485 259692316
3485 3486 662200601
3486 3487 395400986
3487 3488 822248932
3488 3489 332747235
3489 3490 533836770
3490 3491 44333025
3491 3492 910705128
3492 3493 421203431
3493 3494 622288870
3494 3495 132785125
3495 3496 205688812
3496 3497 716187115
3497 3498 917276650
3498 3499 427772905
3499 3500 294153200
3500 3501 804651503
3501 3502 5736942
3502 3503 516233197
3503 3504 332802993
3504 3505 131271602
3505 3506 44388787
3506 3507 842859444
3507 3508 421259189
3508 3509 219727798
3509 3510 132840887
3510 3511 931311544
3511 3512 716242873
3512 3513 514711482
3513 3514 427828667
3514 3515 226299324
3515 3516 804707261
3516 3517 603175870
3517 3518 516288959
3518 3519 314759616
3519 3520 626336778
3520 3521 827378697
3521 3522 890419212
3522 3523 91459083
3523 3524 843299854
3524 3525 44341773
3525 3526 107386384
3526 3527 308426255
3527 3528 9784834
3528 3529 210826753
3529 3530 273867268
3530 3531 474907139
3531 3532 226739718
3532 3533 427781637
3533 3534 490826248
3534 3535 691866119
3535 3536 14797915
3536 3537 747996252
3537 3538 278878297
3538 3539 12078682
3539 3540 231760991
3540 3541 964959328
3541 3542 495845469
3542 3543 229045854
3543 3544 398245971
3544 3545 131444308
3545 3546 662326353
3546 3547 395526738
3547 3548 615200855
3548 3549 348399192
3549 3550 879285333
3550 3551 612485718
3551 3552 538201264
3552 3553 48699567
3553 3554 866670254
3554 3555 377166509
3555 3556 755168428
3556 3557 265666731
3557 3558 83633322
3558 3559 594129577
3559 3560 921649320
3560 3561 432147623
3561 3562 250118310
3562 3563 760614565
3563 3564 138608292
3564 3565 649106595
3565 3566 467073186
3566 3567 977569441
3567 3568 48755453
3568 3569 847224062
3569 3570 377222399
3570 3571 175693056
3571 3572 265722617
3572 3573 64191226
3573 3574 594185467
3574 3575 392656124
3575 3576 432203509
3576 3577 230672118
3577 3578 760670455
3578 3579 559141112
3579 3580 649162481
3580 3581 447631090
3581 3582 977625331
3582 3583 776095988
3583 3584 63207151
3584 3585 265784048
3585 3586 978928365
3586 3587 181507310
3587 3588 357774571
3588 3589 560351468
3589 3590 273491689
3590 3591 476070634
3591 3592 675589351
3592 3593 878166248
3593 3594 591310565
3594 3595 793889510
3595 3596 970164963
3596 3597 172741860
3597 3598 885882081
3598 3599 88461026
3599 3600 993781438
3600 3601 484332733
3601 3602 909504704
3602 3603 400053951
3603 3604 288348858
3604 3605 778900153
3605 3606 204068028
3606 3607 694617275
3607 3608 606163638
3608 3609 96714933
3609 3610 521886904
3610 3611 12436151
3611 3612 900739250
3612 3613 391290545
3613 3614 816458420
3614 3615 307007667
3615 3616 435425353
3616 3617 701175370
3617 3618 927152715
3618 3619 192904780
3619 3620 729988685
3620 3621 995738702
3621 3622 221720143
3622 3623 487472208
3623 3624 47807553
3624 3625 313557570
3625 3626 539534915
3626 3627 805286980
3627 3628 342379077
3628 3629 608129094
3629 3630 834110535
3630 3631 99862600
3631 3632 243906588
3632 3633 41817115
3633 3634 735635994
3634 3635 533544473
3635 3636 538469920
3636 3637 336380447
3637 3638 30203422
3638 3639 828111901
3639 3640 856288788
3640 3641 654199315
3641 3642 348018194
3642 3643 145926673
3643 3644 150860312
3644 3645 948770839
3645 3646 642593814
3646 3647 440502293
3647 3648 511587235
3648 3649 714164132
3649 3650 555817377
3650 3651 758396322
3651 3652 958183335
3652 3653 160760232
3653 3654 2409381
3654 3655 204988326
3655 3656 123977643
3656 3657 326554540
3657 3658 168207785
3658 3659 370786730
3659 3660 570565551
3660 3661 773142448
3661 3662 614791597
3662 3663 817370542
3663 3664 442161650
3664 3665 932712945
3665 3666 486393844
3666 3667 976943091
3667 3668 888757750
3668 3669 379309045
3669 3670 932985848
3670 3671 423535095
3671 3672 54552058
3672 3673 545103353
3673 3674 98784252
3674 3675 589333499
3675 3676 501139966
3676 3677 991691261
3677 3678 545368064
3678 3679 35917311
3679 3680 639684869
3680 3681 905434886
3681 3682 748162311
3682 3683 13914376
3683 3684 86276865
3684 3685 352026882
3685 3686 194758403
3686 3687 460510468
3687 3688 252075277
3688 3689 517825294
3689 3690 360552719
3690 3691 626304784
3691 3692 698659081
3692 3693 964409098
3693 3694 807140619
3694 3695 72892684
3695 3696 448166232
3696 3697 246076759
3697 3698 556645718
3698 3699 354554197
3699 3700 894758228
3700 3701 692668755
3701 3702 3241810
3702 3703 801150289
3703 3704 60556640
3704 3705 858467167
3705 3706 169036126
3706 3707 966944605
3707 3708 507140444
3708 3709 305050971
3709 3710 615624026
3710 3711 413532505
3711 3712 762844791
3712 3713 831204984
3713 3714 678566005
3714 3715 746928246
3715 3716 314430067
3716 3717 382790260
3717 3718 230147185
3718 3719 298509426
3719 3720 632773247
3720 3721 701133440
3721 3722 548494461
3722 3723 616856702
3723 3724 184366715
3724 3725 252726908
3725 3726 100083833
3726 3727 168446074
3727 3728 693419046
3728 3729 49753637
3729 3730 609142312
3730 3731 965474855
3731 3732 245004322
3732 3733 601338913
3733 3734 160723492
3734 3735 517056035
3735 3736 563347502
3736 3737 919682093
3737 3738 479070768
3738 3739 835403311
3739 3740 114940970
3740 3741 471275561
3741 3742 30660140
3742 3743 386992683
3743 3744 135063249
3744 3745 266596562
3745 3746 626790611
3746 3747 758325972
3747 3748 686644437
3748 3749 818177750
3749 3750 178375895
3750 3751 309911256
3751 3752 4991705
3752 3753 136525018
3753 3754 496719067
3754 3755 628254428
3755 3756 556581085
3756 3757 688114398
3757 3758 48312543
3758 3759 179847904
3759 3760 943544452
3760 3761 607238275
3761 3762 435273858
3762 3763 98965633
3763 3764 495125640
3764 3765 158819463
3765 3766 986859142
3766 3767 650550917
3767 3768 813472908
3768 3769 477166731
3769 3770 305202314
3770 3771 968894089
3771 3772 365062288
3772 3773 28756111
3773 3774 856795790
3774 3775 520487565
3775 3776 722983739
3776 3777 791343932
3777 3778 767213881
3778 3779 835576122
3779 3780 403079999
3780 3781 471440192
3781 3782 447306045
3782 3783 515668286
3783 3784 592920371
3784 3785 661280564
3785 3786 637150513
3786 3787 705512754
3787 3788 273008439
3788 3789 341368632
3789 3790 317234485
3790 3791 385596726
3791 3792 653558122
3792 3793 9892713
3793 3794 697790316
3794 3795 54122859
3795 3796 333654382
3796 3797 689988973
3797 3798 377882480
3798 3799 734215023
3799 3800 523494754
3800 3801 879829345
3801 3802 567726948
3802 3803 924059491
3803 3804 203582822
3804 3805 559917413
3805 3806 247810920
3806 3807 604143463
3807 3808 851081629
3808 3809 982614942
3809 3810 959559071
3810 3811 91094432
3811 3812 531173785
3812 3813 662707098
3813 3814 639655323
3814 3815 771190684
3815 3816 721018261
3816 3817 852551574
3817 3818 829495703
3818 3819 961031064
3819 3820 401102225
3820 3821 532635538
3821 3822 509583763
3822 3823 641119124
3823 3824 659562960
3824 3825 323256783
3825 3826 768042446
3826 3827 431734221
3827 3828 339655116
3828 3829 3348939
3829 3830 448138698
3830 3831 111830473
3831 3832 529499592
3832 3833 193193415
3833 3834 637979078
3834 3835 301670853
3835 3836 209583556
3836 3837 873277379
3837 3838 318067138
3838 3839 981758913
3839 3840 183437824
3840 3841 641839103
3841 3842 830725630
3842 3843 289124861
3843 3844 478005244
3844 3845 936406523
3845 3846 125288954
3846 3847 583688185
3847 3848 263344632
3848 3849 721745911
3849 3850 910632438
3850 3851 369031669
3851 3852 557920244
3852 3853 16321523
3853 3854 205203954
3854 3855 663603185
3855 3856 722063277
3856 3857 468434862
3857 3858 369349039
3858 3859 115722672
3859 3860 16630697
3860 3861 763002282
3861 3862 663912363
3862 3863 410285996
3863 3864 801970085
3864 3865 548341670
3865 3866 449255847
3866 3867 195629480
3867 3868 96545697
3868 3869 842917282
3869 3870 743827363
3870 3871 490200996
3871 3872 555656026
3872 3873 77230425
3873 3874 778949980
3874 3875 300522331
3875 3876 850219358
3876 3877 371793757
3877 3878 73517408
3878 3879 595089759
3879 3880 635562834
3880 3881 157137233
3881 3882 858856788
3882 3883 380429139
3883 3884 930134358
3884 3885 451708757
3885 3886 153432408
3886 3887 675004759
3887 3888 972188427
3888 3889 25919244
3889 3890 195480329
3890 3891 249213194
3891 3892 266751759
3892 3893 320482576
3893 3894 490047757
3894 3895 543780622
3895 3896 52095235
3896 3897 105826052
3897 3898 275387137
3898 3899 329120002
3899 3900 346666759
3900 3901 400397576
3901 3902 569962757
3902 3903 623695622
3903 3904 631817396
3904 3905 90218675
3905 3906 407614130
3906 3907 866013361
3907 3908 78413496
3908 3909 536814775
3909 3910 854206134
3910 3911 312605365
3911 3912 711732412
3912 3913 170133691
3913 3914 487529146
3914 3915 945928377
3915 3916 158320320
3916 3917 616721599
3917 3918 934112958
3918 3919 392512189
3919 3920 170442977
3920 3921 916814562
3921 3922 946237667
3922 3923 692611300
3923 3924 617039077
3924 3925 363410662
3925 3926 392829671
3926 3927 139203304
3927 3928 250357993
3928 3929 996729578
3929 3930 26152683
3930 3931 772526316
3931 3932 696945901
3932 3933 443317486
3933 3934 472736495
3934 3935 219110128
3935 3936 759915030
3936 3937 281489429
3937 3938 599959064
3938 3939 121531415
3939 3940 206507026
3940 3941 728081425
3941 3942 46555156
3942 3943 568127507
3943 3944 839830046
3944 3945 361404445
3945 3946 679874080
3946 3947 201446431
3947 3948 286413850
3948 3949 807988249
3949 3950 126461980
3950 3951 648034331
3951 3952 176447559
3952 3953 230178376
3953 3954 16489541
3954 3955 70222406
3955 3956 623039555
3956 3957 676770372
3957 3958 463085633
3958 3959 516818498
3959 3960 256362575
3960 3961 310093392
3961 3962 96404557
3962 3963 150137422
3963 3964 702946379
3964 3965 756677196
3965 3966 542992457
3966 3967 596725322
3967 3968 860082024
3968 3969 184266599
3969 3970 507369830
3970 3971 831552357
3971 3972 411667300
3972 3973 735851875
3973 3974 58951010
3974 3975 383133537
3975 3976 243521904
3976 3977 567706479
3977 3978 890809710
3978 3979 214992237
3979 3980 795115372
3980 3981 119299947
3981 3982 442399082
3982 3983 766581609
3983 3984 398707509
3984 3985 10862390
3985 3986 45993271
3986 3987 658150200
3987 3988 950292785
3988 3989 562447666
3989 3990 597574451
3990 3991 209731380
3991 3992 782147389
3992 3993 394302270
3993 3994 429433151
3994 3995 41590080
3995 3996 333740857
3996 3997 945895738
3997 3998 981022523
3998 3999 593179452
3999 4000 232300482
4000 4001 619658177
4001 4002 455594436
4002 4003 842950083
4003 4004 783881670
4004 4005 171239365
4005 4006 7179720
4006 4007 394535367
4007 4008 615740362
4008 4009 3098057
4009 4010 839034316
4010 4011 226389963
4011 4012 167329742
4012 4013 554687437
4013 4014 390627792
4014 4015 777983439
4015 4016 648832915
4016 4017 568347028
4017 4018 872124817
4018 4019 791640978
4019 4020 200414103
4020 4021 119928216
4021 4022 423710101
4022 4023 343226262
4023 4024 32272795
4024 4025 951786908
4025 4026 255564697
4026 4027 175080858
4027 4028 583862175
4028 4029 503376288
4029 4030 807158173
4030 4031 726674334
4031 4032 820220460
4032 4033 144405035
4033 4034 596017194
4034 4035 920199721
4035 4036 500316720
4036 4037 824501295
4037 4038 276109358
4038 4039 600291885
4039 4040 203668516
4040 4041 527853091
4041 4042 979465250
4042 4043 303647777
4043 4044 883756584
4044 4045 207941159
4045 4046 659549222
4046 4047 983731749
4047 4048 358846073
4048 4049 971000954
4049 4050 134640763
4050 4051 746797692
4051 4052 38942333
4052 4053 651097214
4053 4054 814732927
4054 4055 426889856
4055 4056 742294129
4056 4057 354449010
4057 4058 518088819
4058 4059 130245748
4059 4060 422382197
4060 4061 34537078
4061 4062 198172791
4062 4063 810329720
4063 4064 948318350
4064 4065 335676045
4065 4066 788362384
4066 4067 175718031
4067 4068 628410506
4068 4069 15768201
4069 4070 468458636
4070 4071 855814283
4071 4072 331766406
4072 4073 719124101
4073 4074 171810440
4074 4075 559166087
4075 4076 11850370
4076 4077 399208065
4077 4078 851898500
4078 4079 239254147
4079 4080 364850911
4080 4081 284365024
4081 4082 204892893
4082 4083 124409054
4083 4084 44943067
4084 4085 964457180
4085 4086 884989145
4086 4087 804505306
4087 4088 748298967
4088 4089 667813080
4089 4090 588340949
4090 4091 507857110
4091 4092 428382931
4092 4093 347897044
4093 4094 268429009
4094 4095 187945170
4095 4096 680484146
4096 4097 16793393
4097 4098 840442164
4098 4099 176749363
4099 4100 391990
4100 4101 336701237
4101 4102 160345912
4102 4103 496653111
4103 4104 297052474
4104 4105 633361721
4105 4106 457010492
4106 4107 793317691
4107 4108 616968510
4108 4109 953277757
4109 4110 776922432
4110 4111 113229631
4111 4112 795050851
4112 4113 663516516
4113 4114 955006817
4114 4115 823474530
4115 4116 114958695
4116 4117 983424360
4117 4118 274910565
4118 4119 143378278
4119 4120 411619179
4120 4121 280084844
4121 4122 571575145
4122 4123 440042858
4123 4124 731535215
4124 4125 600000880
4125 4126 891487085
4126 4127 759954798
4127 4128 429449624
4128 4129 73118103
4129 4130 653654934
4130 4131 297321365
4131 4132 749353364
4132 4133 393021843
4133 4134 973562770
4134 4135 617229201
4135 4136 46017952
4136 4137 689686431
4137 4138 270223262
4138 4139 913889693
4139 4140 365929884
4140 4141 9598363
4141 4142 590139290
4142 4143 233805721
4143 4144 666109381
4144 4145 597748166
4145 4146 890312647
4146 4147 821953480
4147 4148 986013121
4148 4149 917651906
4149 4150 210220483
4150 4151 141861316
4151 4152 282677709
4152 4153 214316494
4153 4154 506880975
4154 4155 438521808
4155 4156 602589641
4156 4157 534228426
4157 4158 826797003
4158 4159 758437836
4159 4160 472358014
4160 4161 808667261
4161 4162 249066112
4162 4163 585373311
4163 4164 920776826
4164 4165 257086073
4165 4166 697480828
4166 4167 33788027
4167 4168 88934518
4168 4169 425243765
4169 4170 865642616
4170 4171 201949815
4171 4172 537345138
4172 4173 873654385
4173 4174 314049140
4174 4175 650356339
4175 4176 586924591
4176 4177 455390256
4177 4178 363630637
4178 4179 232098350
4179 4180 35343403
4180 4181 903809068
4181 4182 812045353
4182 4183 680513066
4183 4184 203501095
4184 4185 71966760
4185 4186 980207141
4186 4187 848674854
4187 4188 651911715
4188 4189 520377380
4189 4190 428613665
4190 4191 297081378
4191 4192 465444060
4192 4193 109112539
4193 4194 818158298
4194 4195 461824729
4195 4196 913858784
4196 4197 557527263
4197 4198 266577118
4198 4199 910243549
4199 4200 82020564
4200 4201 725689043
4201 4202 434734802
4202 4203 78401233
4203 4204 530427096
4204 4205 174095575
4205 4206 883145430
4206 4207 526811861
4207 4208 702103689
4208 4209 633742474
4209 4210 54815883
4210 4211 986456716
4211 4212 150518413
4212 4213 82157198
4213 4214 503234703
4214 4215 434875536
4215 4216 318680193
4216 4217 250318978
4217 4218 671392387
4218 4219 603033220
4219 4220 767086725
4220 4221 698725510
4221 4222 119803015
4222 4223 51443848
4223 4224 717193130
4224 4225 919283625
4225 4226 877151148
4226 4227 79239595
4227 4228 270601134
4228 4229 472691629
4229 4230 430555056
4230 4231 632643503
4231 4232 637261730
4232 4233 839352225
4233 4234 797219748
4234 4235 999308195
4235 4236 190677926
4236 4237 392768421
4237 4238 350631848
4238 4239 552720295
4239 4240 831759867
4240 4241 566006780
4241 4242 991715833
4242 4243 725964794
4243 4244 385167871
4244 4245 119414784
4245 4246 545119741
4246 4247 279368702
4247 4248 751828467
4248 4249 486075380
4249 4250 911784433
4250 4251 646033394
4251 4252 305244663
4252 4253 39491576
4253 4254 465196533
4254 4255 199445494
4255 4256 466158352
4256 4257 975608079
4257 4258 690363662
4258 4259 199811341
4259 4260 19562252
4260 4261 529011979
4261 4262 243771658
4262 4263 753219337
4263 4264 386226952
4264 4265 895676679
4265 4266 610432262
4266 4267 119879941
4267 4268 939639044
4268 4269 449088771
4269 4270 163848450
4270 4271 673296129
4271 4272 702818141
4272 4273 500238174
4273 4274 927021407
4274 4275 724443488
4275 4276 256222041
4276 4277 53642074
4277 4278 480429403
4278 4279 277851484
4279 4280 622886741
4280 4281 420306774
4281 4282 847090007
4282 4283 644512088
4283 4284 176298833
4284 4285 973718866
4285 4286 400506195
4286 4287 197928276
4287 4288 997308134
4288 4289 199398629
4289 4290 774016232
4290 4291 976104679
4291 4292 702744802
4292 4293 904835297
4293 4294 479448804
4294 4295 681537251
4295 4296 917384942
4296 4297 119475437
4297 4298 694093040
4298 4299 896181487
4299 4300 622813418
4300 4301 824903913
4301 4302 399517420
4302 4303 601605867
4303 4304 111874743
4304 4305 846121656
4305 4306 888580789
4306 4307 622829750
4307 4308 817311411
4308 4309 551558324
4309 4310 594013361
4310 4311 328262322
4311 4312 31951551
4312 4313 766198464
4313 4314 808657597
4314 4315 542906558
4315 4316 737380027
4316 4317 471626940
4317 4318 514081977
4318 4319 248330938
4319 4320 990393924
4320 4321 499843651
4321 4322 343108162
4322 4323 852555841
4323 4324 695826504
4324 4325 205276231
4325 4326 48544838
4326 4327 557992517
4327 4328 910470732
4328 4329 419920459
4329 4330 263184970
4330 4331 772632649
4331 4332 615895120
4332 4333 125344847
4333 4334 968613454
4334 4335 478061133
4335 4336 227053585
4336 4337 24473618
4337 4338 579765779
4338 4339 377187860
4339 4340 932486165
4340 4341 729906198
4341 4342 285202455
4342 4343 82624536
4343 4344 147130393
4344 4345 944550426
4345 4346 499842587
4346 4347 297264668
4347 4348 852554781
4348 4349 649974814
4349 4350 205271071
4350 4351 2693152
4351 4352 80023585
4352 4353 160508450
4353 4354 971544099
4354 4355 52031012
4355 4356 399931429
4356 4357 480416294
4357 4358 291447847
4358 4359 371934760
4359 4360 210103337
4360 4361 290588202
4361 4362 101623851
4362 4363 182110764
4363 4364 530019373
4364 4365 610504238
4365 4366 421535791
4366 4367 502022704
4367 4368 709680756
4368 4369 322326131
4369 4370 601203314
4370 4371 213846641
4371 4372 29588600
4372 4373 642233975
4373 4374 921107062
4374 4375 533750389
4375 4376 839760508
4376 4377 452405883
4377 4378 731283066
4378 4379 343926393
4379 4380 159676544
4380 4381 772321919
4381 4382 51195006
4382 4383 663838333
4383 4384 828989063
4384 4385 216833160
4385 4386 784756869
4386 4387 172603014
4387 4388 148892803
4388 4389 536736900
4389 4390 104664705
4390 4391 492510850
4391 4392 959068815
4392 4393 346912912
4393 4394 914836621
4394 4395 302682766
4395 4396 278980747
4396 4397 666824844
4397 4398 234752649
4398 4399 622598794
4399 4400 580739286
4400 4401 256557781
4401 4402 536509144
4402 4403 212325591
4403 4404 900643026
4404 4405 576461521
4405 4406 856416980
4406 4407 532233427
4407 4408 710819038
4408 4409 386637533
4409 4410 666588896
4410 4411 342405343
4411 4412 30730970
4412 4413 706549465
4413 4414 986504924
4414 4415 662321371
4415 4416 871897965
4416 4417 952382830
4417 4418 380168559
4418 4419 460655472
4419 4420 320316777
4420 4421 400801642
4421 4422 828583275
4422 4423 909070188
4423 4424 1985893
4424 4425 82470758
4425 4426 510256487
4426 4427 590743400
4427 4428 450396513
4428 4429 530881378
4429 4430 958663011
4430 4431 39149924
4431 4432 501555008
4432 4433 114200383
4433 4434 9827646
4434 4435 622470973
4435 4436 949973820
4436 4437 562619195
4437 4438 458242362
4438 4439 70885689
4439 4440 631642936
4440 4441 244288311
4441 4442 139915574
4442 4443 752558901
4443 4444 80053556
4444 4445 692698931
4445 4446 588322098
4446 4447 200965425
4447 4448 864984011
4448 4449 252828108
4449 4450 949260745
4450 4451 337106890
4451 4452 313398735
4452 4453 701242832
4453 4454 397679565
4454 4455 785525710
4455 4456 995071939
4456 4457 382916036
4457 4458 79348673
4458 4459 467194818
4459 4460 443478471
4460 4461 831322568
4461 4462 527759301
4462 4463 915605446
4463 4464 616734106
4464 4465 292552601
4465 4466 701012892
4466 4467 376829339
4467 4468 65148830
4468 4469 740967325
4469 4470 149431712
4470 4471 825248159
4471 4472 746822034
4472 4473 422640529
4473 4474 831100820
4474 4475 506917267
4475 4476 195228566
4476 4477 871047061
4477 4478 279511448
4478 4479 955327895
4479 4480 139726009
4480 4481 85992122
4481 4482 31246523
4482 4483 977514684
4483 4484 693134013
4484 4485 639400126
4485 4486 584650431
4486 4487 530918592
4487 4488 527319217
4488 4489 473585330
4489 4490 418839731
4490 4491 365107892
4491 4492 80735413
4492 4493 27001526
4493 4494 972251831
4494 4495 918519992
4495 4496 769383148
4496 4497 247809771
4497 4498 660905706
4498 4499 139330281
4499 4500 322791152
4500 4501 801217775
4501 4502 214309614
4502 4503 692734189
4503 4504 156976356
4504 4505 635402979
4505 4506 48498914
4506 4507 526923489
4507 4508 710392552
4508 4509 188819175
4509 4510 601911014
4510 4511 80335589
4511 4512 888691231
4512 4513 142316576
4513 4514 844459037
4514 4515 98086430
4515 4516 442095131
4516 4517 695720476
4517 4518 397867033
4518 4519 651494426
4519 4520 276284439
4520 4521 529909784
4521 4522 232052245
4522 4523 485679638
4523 4524 829696531
4524 4525 83321876
4525 4526 785468433
4526 4527 39095826
4527 4528 640441422
4528 4529 182041165
4529 4530 596211280
4530 4531 137808975
4531 4532 193845322
4532 4533 735445065
4533 4534 149619276
4534 4535 691216971
4535 4536 28034630
4536 4537 569634373
4537 4538 983804488
4538 4539 525402183
4539 4540 581446722
4540 4541 123046465
4541 4542 537220676
4542 4543 78818371
4543 4544 419841525
4544 4545 366107638
4545 4546 928112119
4546 4547 874380280
4547 4548 125278193
4548 4549 71544306
4549 4550 633544691
4550 4551 579812852
4551 4552 807442941
4552 4553 753709054
4553 4554 315713535
4554 4555 261981696
4555 4556 512871417
4556 4557 459137530
4557 4558 21137915
4558 4559 967406076
4559 4560 49498536
4560 4561 527925159
4561 4562 557771174
4562 4563 36195749
4563 4564 754935204
4564 4565 233361827
4565 4566 263203746
4566 4567 741628321
4567 4568 437099952
4568 4569 915526575
4569 4570 945372590
4570 4571 423797165
4571 4572 142528428
4572 4573 620955051
4573 4574 650796970
4574 4575 129221545
4575 4576 412927315
4576 4577 666552660
4577 4578 497204049
4578 4579 750831442
4579 4580 118359895
4580 4581 371985240
4581 4582 202640725
4582 4583 456268118
4583 4584 800528731
4584 4585 54154076
4585 4586 884805465
4586 4587 138432858
4587 4588 505953119
4588 4589 759578464
4589 4590 590233949
4590 4591 843861342
4591 4592 164677378
4592 4593 706277121
4593 4594 248956164
4594 4595 790553859
4595 4596 870109958
4596 4597 411709701
4597 4598 954392840
4598 4599 495990535
4599 4600 552278794
4600 4601 93878537
4601 4602 636557580
4602 4603 178155275
4603 4604 257703182
4604 4605 799302925
4605 4606 341986064
4606 4607 883583759
4607 4608 15020308
4608 4609 472373011
4609 4610 686553362
4610 4611 143904017
4611 4612 798053144
4612 4613 255405847
4613 4614 469590294
4614 4615 926940949
4615 4616 631588636
4616 4617 88941339
4617 4618 303121690
4618 4619 760472345
4619 4620 414629664
4620 4621 871982367
4621 4622 86166814
4622 4623 543517469
4623 4624 186729281
4624 4625 932052290
4625 4626 858260291
4626 4627 603585348
4627 4628 969762117
4628 4629 715085126
4629 4630 641297223
4630 4631 386622280
4631 4632 803297609
4632 4633 548620618
4633 4634 474828619
4634 4635 220153676
4635 4636 586338637
4636 4637 331661646
4637 4638 257873743
4638 4639 3198800
4639 4640 791938486
4640 4641 314561461
4641 4642 527858104
4642 4643 50479031
4643 4644 574975410
4644 4645 97598385
4645 4646 310890932
4646 4647 833511859
4647 4648 408506814
4648 4649 931129789
4649 4650 144426432
4650 4651 667047359
4651 4652 191551930
4652 4653 714174905
4653 4654 927467452
4654 4655 450088379
4655 4656 841554407
4656 4657 896333800
4657 4658 577471973
4658 4659 632253414
4659 4660 624591331
4660 4661 679370724
4661 4662 360504801
4662 4663 415286242
4663 4664 458122735
4664 4665 512902128
4665 4666 194040301
4666 4667 248821742
4667 4668 241167851
4668 4669 295947244
4669 4670 977081321
4670 4671 31862762
4671 4672 806828640
4672 4673 264181343
4673 4674 95242846
4674 4675 552593501
4675 4676 718372444
4676 4677 175725147
4677 4678 6790746
4678 4679 464141401
4679 4680 423405144
4680 4681 880757847
4681 4682 711819350
4682 4683 169170005
4683 4684 334940756
4684 4685 792293459
4685 4686 623359058
4686 4687 80709713
4687 4688 978537485
4688 4689 723860494
4689 4690 266949647
4690 4691 12274704
4691 4692 890081289
4692 4693 635404298
4693 4694 178497547
4694 4695 923822604
4695 4696 595113989
4696 4697 340436998
4697 4698 883526151
4698 4699 628851208
4699 4700 506649601
4700 4701 251972610
4701 4702 795065859
4702 4703 540390916
4703 4704 827998458
4704 4705 350621433
4705 4706 692295932
4706 4707 214916859
4707 4708 739546366
4708 4709 262169341
4709 4710 603839744
4710 4711 126460671
4711 4712 444574962
4712 4713 967197937
4713 4714 308872436
4714 4715 831493363
4715 4716 356114678
4716 4717 878737653
4717 4718 220408056
4718 4719 743028983
4719 4720 877614251
4720 4721 932393644
4721 4722 741909673
4722 4723 796691114
4723 4724 789162159
4724 4725 843941552
4725 4726 653453485
4726 4727 708234926
4727 4728 494190755
4728 4729 548970148
4729 4730 358486177
4730 4731 413267618
4731 4732 405730471
4732 4733 460509864
4733 4734 270021797
4734 4735 324803238
4735 4736 51728268
4736 4737 374864267
4737 4738 723261322
4738 4739 46395273
4739 4740 68261264
4740 4741 391397263
4741 4742 739798414
4742 4743 62932365
4743 4744 971796868
4744 4745 294932867
4745 4746 643329922
4746 4747 966463873
4747 4748 988338056
4748 4749 311474055
4749 4750 659875206
4750 4751 983009157
4751 4752 223437273
4752 4753 834543578
4753 4754 894968283
4754 4755 506076636
4755 4756 239970269
4756 4757 851076574
4757 4758 911505375
4758 4759 522613728
4759 4760 143505873
4760 4761 754612178
4761 4762 815036883
4762 4763 426145236
4763 4764 160047061
4764 4765 771153366
4765 4766 831582167
4766 4767 442690520
4767 4768 828646190
4768 4769 217052461
4769 4770 564565808
4770 4771 952970031
4771 4772 845183274
4772 4773 233589545
4773 4774 581098796
4774 4775 969503019
4775 4776 748714790
4776 4777 137121061
4777 4778 484634408
4778 4779 873038631
4779 4780 765260066
4780 4781 153666337
4781 4782 501175588
4782 4783 889579811
4783 4784 878262143
4784 4785 798824832
4785 4786 614179709
4786 4787 534744446
4787 4788 894799227
4788 4789 815361916
4789 4790 630712697
4790 4791 551277434
4791 4792 798330743
4792 4793 718893432
4793 4794 534248309
4794 4795 454813046
4795 4796 814876019
4796 4797 735438708
4797 4798 550789489
4798 4799 471354226
4799 4800 331777736
4800 4801 654913735
4801 4802 620191942
4802 4803 943325893
4803 4804 500339396
4804 4805 823475395
4805 4806 788757698
4806 4807 111891649
4807 4808 251854544
4808 4809 574990543
4809 4810 540268750
4810 4811 863402701
4811 4812 420408012
4812 4813 743544011
4813 4814 708826314
4814 4815 31960265
4815 4816 503486613
4816 4817 114592918
4817 4818 791898775
4818 4819 403007128
4819 4820 672048273
4820 4821 283154578
4821 4822 960464531
4822 4823 571572884
4823 4824 423563421
4824 4825 34669726
4825 4826 711975583
4826 4827 323083936
4827 4828 592116889
4828 4829 203223194
4829 4830 880533147
4830 4831 491641500
4831 4832 352947298
4832 4833 741353569
4833 4834 217244772
4834 4835 605648995
4835 4836 521513062
4836 4837 909919333
4837 4838 385806440
4838 4839 774210663
4839 4840 273024106
4840 4841 661430377
4841 4842 137321580
4842 4843 525725803
4843 4844 441581678
4844 4845 829987949
4845 4846 305875056
4846 4847 694279279
4847 4848 402563123
4848 4849 323125812
4849 4850 266858545
4850 4851 187423282
4851 4852 571128887
4852 4853 491691576
4853 4854 435420213
4854 4855 355984950
4855 4856 322639931
4856 4857 243202620
4857 4858 186935353
4858 4859 107500090
4859 4860 491197503
4860 4861 411760192
4861 4862 355488829
4862 4863 276053566
4863 4864 368572931
4864 4865 570101252
4865 4866 771668481
4866 4867 973198850
4867 4868 151605767
4868 4869 353134088
4869 4870 554705413
4870 4871 756235782
4871 4872 498652683
4872 4873 700181004
4873 4874 901748233
4874 4875 103278602
4875 4876 281693711
4876 4877 483222032
4877 4878 684793357
4878 4879 886323726
4879 4880 147346002
4880 4881 636848721
4881 4882 550443604
4882 4883 39944275
4883 4884 930378838
4884 4885 419881557
4885 4886 333480536
4886 4887 822981207
4887 4888 277425754
4888 4889 766928473
4889 4890 680523356
4890 4891 170024027
4891 4892 60466782
4892 4893 549969501
4893 4894 463568480
4894 4895 953069151
4895 4896 145491109
4896 4897 412289702
4897 4898 612973223
4898 4899 879773864
4899 4900 928528033
4900 4901 195326626
4901 4902 396006051
4902 4903 662806692
4903 4904 275570861
4904 4905 542369454
4905 4906 743052975
4906 4907 9853616
4907 4908 58615977
4908 4909 325414570
4909 4910 526093995
4910 4911 792894636
4911 4912 802171128
4912 4913 601130231
4913 4914 269655286
4914 4915 68612341
4915 4916 585208052
4916 4917 384167155
4917 4918 52688114
4918 4919 851645169
4919 4920 932250880
4920 4921 731209983
4921 4922 399735038
4922 4923 198692093
4923 4924 715295996
4924 4925 514255099
4925 4926 182776058
4926 4927 981733113
4927 4928 160381775
4928 4929 361910096
4929 4930 180358477
4930 4931 381888846
4931 4932 71925579
4932 4933 273453900
4933 4934 91906377
4934 4935 293436746
4935 4936 290469703
4936 4937 491998024
4937 4938 310446405
4938 4939 511976774
4939 4940 202005315
4940 4941 403533636
4941 4942 221986113
4942 4943 423516482
4943 4944 939154718
4944 4945 428657437
4945 4946 959133472
4946 4947 448634143
4947 4948 850698522
4948 4949 340201241
4949 4950 870681372
4950 4951 360182043
4951 4952 69242646
4952 4953 558745365
4953 4954 89221400
4954 4955 578722071
4955 4956 980778258
4956 4957 470280977
4957 4958 761108
4958 4959 490261779
4959 4960 181551593
4960 4961 448350186
4961 4962 777411563
4962 4963 44212204
4963 4964 93099501
4964 4965 359898094
4965 4966 688955375
4966 4967 955756016
4967 4968 311639521
4968 4969 578438114
4969 4970 907499491
4970 4971 174300132
4971 4972 223179237
4972 4973 489977830
4973 4974 819035111
4974 4975 85835752
4975 4976 838231484
4976 4977 637190587
4977 4978 434093498
4978 4979 233050553
4979 4980 749779392
4980 4981 548738495
4981 4982 345637310
4982 4983 144594365
4983 4984 968319412
4984 4985 767278515
4985 4986 564181426
4986 4987 363138481
4987 4988 879859128
4988 4989 678818231
4989 4990 475717046
4990 4991 274674101
4991 4992 428274331
4992 4993 495585948
4993 4994 831369881
4994 4995 898683546
4995 4996 444807327
4996 4997 512118944
4997 4998 847906973
4998 4999 915220638
